Timestamp,gravityX,gravityY,gravityZ,accelerationX,accelerationY,accelerationZ,rotationRateX,rotationRateY,rotationRateZ,attitudeRoll,attitudePitch,attitudeYaw
1687105228.590915,0.8584614396095276,0.5042487382888794,0.09368940442800522,0.0033093690872192383,0.00037491321563720703,-0.014847032725811005,0.004737220238894224,-0.003282039426267147,0.011253301054239273,1.6795025091149465,-0.5285117838970935,3.101795233582825
1687105228.63276,0.8590220212936401,0.5035982728004456,0.09203512221574783,0.009584665298461914,-0.0007141828536987305,-0.00968325138092041,0.0049374899826943874,-0.02303934283554554,0.0235783439129591,1.6775286025585343,-0.5277586887266461,3.100689548390172
1687105228.673265,0.8596170544624329,0.5030128359794617,0.08965083956718445,0.0009483695030212402,0.004860937595367432,-0.0053915902972221375,0.014846313744783401,-0.030115962028503418,0.007652174681425095,1.674712258740276,-0.5270812227989231,3.098963921294882
1687105228.745657,0.8600385189056396,0.5025084614753723,0.08842872828245163,0.002266407012939453,-0.004430830478668213,0.001201637089252472,-0.04310327023267746,-0.02568701282143593,0.007597912568598986,1.6732557801882704,-0.5264976974074793,3.0996446949363823
1687105228.787839,0.8603010177612305,0.5020856857299805,0.088277168571949,0.005345582962036133,-0.0011852383613586426,0.002482302486896515,-0.04941869154572487,-0.023532094433903694,0.0007295538671314716,1.6730503981319491,-0.5260088065343407,3.101980746629109
1687105228.836689,0.8605862259864807,0.5016048550605774,0.08822683990001678,-0.004125714302062988,0.0011723041534423828,0.002761468291282654,-0.0199406947940588,-0.029693806543946266,0.009828376583755016,1.672958868532961,-0.5254528989739977,3.1041186784133177
1687105228.8894548,0.861067533493042,0.5009481310844421,0.08725808560848236,0.0012219548225402832,0.0029429197311401367,0.003714911639690399,-0.024357814341783524,-0.02423938550055027,0.009745552204549313,1.6717886639090058,-0.5246939363504891,3.10452191617176
1687105228.9421449,0.8613245487213135,0.500647783279419,0.08644197136163712,0.0006902813911437988,0.013192057609558105,0.006789445877075195,0.027334675192832947,-0.03931483253836632,0.011343714781105518,1.670820762956358,-0.5243469513079532,3.1054315949593834
1687105228.9826941,0.8615846037864685,0.50048828125,0.08475851267576218,-0.00393366813659668,0.0006563663482666016,0.007465727627277374,-0.040608156472444534,-0.040604643523693085,-0.0008185417391359806,1.6688559511881431,-0.5241626546009022,3.1051051401864167
1687105229.0475621,0.8614535927772522,0.5006425976753235,0.08517716825008392,-0.0011172294616699219,-0.00517427921295166,0.014264583587646484,-0.04898752644658089,-0.020670637488365173,-0.011327175423502922,1.6693520783589413,-0.5243409398199528,3.1083848235961855
1687105229.091814,0.8612674474716187,0.500840425491333,0.08589347451925278,0.0023648738861083984,-0.005936682224273682,0.00771939754486084,-0.04329368844628334,-0.00930322427302599,-6.606569513678551e-05,1.6701968080014116,-0.5245694563768126,3.11077594706441
1687105229.139824,0.8615418672561646,0.5001193881034851,0.08733177185058594,0.0003204941749572754,-0.008709907531738281,0.008386850357055664,-0.023384161293506622,-0.0053522028028965,0.019341055303812027,1.6718180982183781,-0.5237366472472493,3.113482696554394
1687105229.18543,0.8622570037841797,0.4987572431564331,0.08806011080741882,0.0028401613235473633,0.001120835542678833,0.005705356597900391,0.0036306767724454403,0.004691087640821934,0.03303283452987671,1.672570921026037,-0.522164362744475,3.113909915218364
1687105229.239012,0.8630403876304626,0.4973253607749939,0.08848407864570618,-0.004306018352508545,0.007771283388137817,0.007417567074298859,0.020711127668619156,-0.003218234283849597,0.03798098489642143,1.6729653356924983,-0.5205131123437302,3.113827886766068
1687105229.295757,0.8637728691101074,0.4960845708847046,0.08830157667398453,0.0018737316131591797,0.011117756366729736,0.0022595003247261047,-0.003984898328781128,-0.0027088604401797056,0.020123690366744995,1.672670206172736,-0.5190835139068286,3.113000583600973
1687105229.345924,0.8640986680984497,0.4954657554626465,0.08858507126569748,0.006125330924987793,0.017336487770080566,0.005027763545513153,0.028149070218205452,0.016108835116028786,0.01135303545743227,1.6729567357280641,-0.5183709635917054,3.112387129714092
1687105229.410603,0.863930344581604,0.495720237493515,0.08880569785833359,-0.0016712546348571777,0.012092530727386475,0.0030372217297554016,0.010659558698534966,0.01505819708108902,-0.008236178196966648,1.6732292223220027,-0.518663930959248,3.1110783730211833
1687105229.4700232,0.8634365200996399,0.4963689148426056,0.08997628837823868,-0.0018183588981628418,0.0010219812393188477,0.0011951923370361328,-0.01097329892218113,0.029645372182130814,-0.016062209382653236,1.6746287543680913,-0.5194110155536436,3.1117102863619746
1687105229.48313,0.8628765344619751,0.4970836639404297,0.09138943254947662,0.002937614917755127,-0.008466631174087524,0.00019393861293792725,-5.567047628574073e-05,0.029658401384949684,-0.004978465847671032,1.6763154725491587,-0.5202345556000753,3.111855022517238
1687105229.548435,0.863040566444397,0.49663859605789185,0.09225928783416748,-0.004275679588317871,-0.010066092014312744,0.0036423280835151672,0.03908001258969307,0.023144753649830818,0.03382618725299835,1.6772921817266377,-0.5197216945767602,3.1109046056911756
1687105229.589366,0.864022970199585,0.49491724371910095,0.09231219440698624,0.013799965381622314,-0.006635874509811401,0.0056188032031059265,0.021672261878848076,0.02030433528125286,0.04961826652288437,1.6772325521640399,-0.5177395953721183,3.1087882092767143
1687105229.64743,0.8650490641593933,0.4929673671722412,0.09313230961561203,-0.0016914606094360352,0.009077459573745728,0.0031660795211791992,0.026256095618009567,0.0323016531765461,0.038122065365314484,1.6780445356916678,-0.5154970481913156,3.107347597810067
1687105229.692735,0.8655416965484619,0.4918104410171509,0.09465933591127396,0.005872547626495361,0.01147034764289856,0.0024324581027030945,0.007844330742955208,0.04942908510565758,0.012365635484457016,1.6797276807409842,-0.5141678067468317,3.1064641576308403
1687105229.7449389,0.8654334545135498,0.49165135622024536,0.09645918011665344,0.005767226219177246,0.014009833335876465,-0.007500290870666504,0.05202857032418251,0.055982861667871475,0.005205994937568903,1.681795847406852,-0.513985134639545,3.1051533518736125
1687105229.8277621,0.865144670009613,0.4920121133327484,0.09720610082149506,0.008253216743469238,0.0001144707202911377,-0.008537061512470245,0.029352819547057152,0.03887360170483589,-0.0017622997984290123,1.6826852621425987,-0.5143994608049464,3.1020967240288315
1687105229.839621,0.8649251461029053,0.49234089255332947,0.09749477356672287,0.006992638111114502,-0.001435011625289917,-0.011251933872699738,0.014097433537244797,0.03158049285411835,-0.00818624347448349,1.683043005360151,-0.5147771476689567,3.1004583749538392
1687105229.879562,0.86473149061203,0.4927426874637604,0.09718289226293564,0.0046991705894470215,-0.0034542083740234375,-0.015868663787841797,0.058374084532260895,0.029409948736429214,-0.00144678121432662,1.6827117709989217,-0.5152388336018852,3.097998129477199
1687105229.9534268,0.8647871613502502,0.49272680282592773,0.09676671773195267,0.008519172668457031,-0.012120574712753296,-0.012171871960163116,-0.009062747471034527,0.004449739120900631,0.007095574401319027,1.682229362754421,-0.5152205750630752,3.096665941875354
1687105229.994206,0.8652697205543518,0.49218273162841797,0.09520921856164932,0.006876945495605469,-0.0015057027339935303,-0.01789284497499466,0.008109048940241337,-0.01385691948235035,0.015773218125104904,1.680389595471737,-0.5145954420180161,3.094898662849072
1687105230.029611,0.8659201264381409,0.49134573340415955,0.09360598772764206,0.0016489028930664062,0.0011776387691497803,-0.006478197872638702,0.009748491458594799,-0.029794473201036453,0.023257367312908173,1.6784782111762673,-0.5136341790231547,3.094902457810731
1687105230.126817,0.8666665554046631,0.49044230580329895,0.09140954166650772,-0.003598928451538086,0.0021573305130004883,-0.002053864300251007,-0.021595582365989685,-0.03445535898208618,0.009835300035774708,1.6758803665102557,-0.5125972196573838,3.094063427083197
1687105230.137518,0.867016077041626,0.49001723527908325,0.09036868810653687,-0.0010492205619812012,0.0061376988887786865,0.008966200053691864,-0.04078339412808418,-0.03325445204973221,0.002933985088020563,1.6746508669520912,-0.5121095196427414,3.0956301882339905
1687105230.1800551,0.8671858906745911,0.4897400736808777,0.09024287015199661,0.004197895526885986,0.0005707740783691406,0.012555837631225586,-0.04731346294283867,-0.025045303627848625,-0.004020992666482925,1.6744871448257532,-0.5117916090725825,3.0984215660898573
1687105230.232322,0.8671346306800842,0.48971131443977356,0.09088848531246185,0.004447460174560547,-0.0009416341781616211,0.012978307902812958,-0.03966912627220154,-0.01329931989312172,-0.0030406168662011623,1.6752297369858236,-0.5117586059703598,3.100919298140458
1687105230.301265,0.8670405149459839,0.489668607711792,0.09201041609048843,-0.0026299357414245605,0.0009322166442871094,0.010666139423847198,-0.03680569678544998,-0.010765831917524338,-0.0005560875870287418,1.6765207272585316,-0.5117096309085819,3.1036812412543506
1687105230.344171,0.867033839225769,0.48947563767433167,0.09309370815753937,0.001969575881958008,-0.0013620555400848389,0.009033441543579102,-0.03463548421859741,-0.0008554111700505018,0.0031481031328439713,1.677756882132547,-0.511488326293262,3.1059575595665243
1687105230.382381,0.8669583797454834,0.48933926224708557,0.09450158476829529,0.001892387866973877,0.0016123950481414795,0.004772298038005829,-0.029851116240024567,0.009665695019066334,-0.00317657133564353,1.6793712572858435,-0.5113319526612149,3.107659573284603
1687105230.431504,0.8668146133422852,0.4892784655094147,0.09612099081277847,-0.0007715225219726562,0.001337498426437378,0.0012149661779403687,-0.026338139548897743,0.006595647893846035,-0.0029055944178253412,1.681235037555207,-0.5112622210912828,3.1100803686226053
1687105230.491148,0.8667352795600891,0.4893147945404053,0.09664987772703171,0.004053294658660889,0.0013927221298217773,-0.00047363340854644775,-0.006264830473810434,0.0018291217274963856,0.000404182355850935,1.6818478178498906,-0.5113038835177355,3.110412322606625
1687105230.532627,0.8667065501213074,0.48931342363357544,0.09691566228866577,0.0024188756942749023,0.0013178586959838867,0.0002067089080810547,0.009602815844118595,0.0009554494172334671,0.0031070904806256294,1.6821543540837736,-0.5113023189306558,3.1108096854027694
1687105230.600998,0.8666089773178101,0.4893593490123749,0.09755318611860275,0.006666839122772217,-0.0041602253913879395,0.0039789676666259766,-0.07715898007154465,0.002059529535472393,-0.012475265190005302,1.6828932891515962,-0.5113549775705866,3.1117940796504677
1687105230.652426,0.8664788007736206,0.4891953766345978,0.09951367229223251,0.0017311573028564453,0.0056931376457214355,-0.003428936004638672,-0.0673857107758522,-0.0027735752519220114,0.0018711844459176064,1.6851436935581103,-0.5111669592285125,3.1170377557126376
1687105230.7315211,0.8660712242126465,0.4894428551197052,0.10181711614131927,0.0024286508560180664,0.002561718225479126,-0.003626585006713867,-0.15137861669063568,-0.012361731380224228,-0.030493613332509995,1.687821233153402,-0.5114507303855044,3.1223100241228003
1687105230.755721,0.865362823009491,0.4903528094291687,0.10345017164945602,-0.004004061222076416,0.026264220476150513,-0.01610863208770752,-0.0688866674900055,-0.024538613855838776,-0.03205882012844086,1.6897771119563785,-0.5124945099091164,3.1295852036875993
1687105230.826562,0.8643154501914978,0.49199622869491577,0.10439889878034592,0.006839573383331299,0.01604539155960083,-0.005826935172080994,-0.21010877192020416,-0.05453137680888176,-0.06571072340011597,1.6910019596753014,-0.5143812056773328,3.1363456486719694
1687105230.838778,0.8616757988929749,0.4954480230808258,0.10975531488656998,0.015689313411712646,0.11432379484176636,-0.051649704575538635,-0.6625763773918152,-0.15856537222862244,-0.23268666863441467,1.6974883626957218,-0.518350516613968,-3.1223463666143645
1687105230.884722,0.8523696660995483,0.50827556848526,0.12297232449054718,-0.05778348445892334,0.40181976556777954,-0.11331332474946976,-1.155281662940979,-0.4130485951900482,-0.65379399061203,1.7140787977072098,-0.5331812348573485,-3.061105760693443
1687105230.951642,0.8308656215667725,0.5423718690872192,0.12448034435510635,-0.06652230024337769,0.7423877716064453,-0.07978713512420654,-0.43594297766685486,-0.4784052073955536,-1.307342767715454,1.7195102941682312,-0.5732577581332097,-3.0057588578819536
1687105231.027467,0.7828922867774963,0.6122956871986389,0.11033623665571213,0.11853599548339844,0.6419616937637329,-0.0188138484954834,0.29139798879623413,-0.30634602904319763,-2.1449341773986816,1.7108083104097829,-0.6589609384288198,-2.9850205799652096
1687105231.040608,0.7040631175041199,0.7065938711166382,0.07085645943880081,0.2322314977645874,0.5118511319160461,0.031240224838256836,1.4079216718673706,-0.2283344268798828,-2.581462860107422,1.6710979682908123,-0.7846730662633914,-3.027260218999364
1687105231.0867019,0.6033609509468079,0.7974258065223694,0.008260516449809074,0.3414022922515869,0.3037707805633545,0.11002576351165771,1.17239248752594,-0.40486398339271545,-2.7551016807556152,1.5844863084948926,-0.9230171250233362,-3.120285148504528
1687105231.138273,0.4863627254962921,0.872471809387207,-0.047379545867443085,0.4373738765716553,0.26980143785476685,0.12745779752731323,0.9126588702201843,-0.4983670115470886,-2.8190603256225586,1.4736866741781893,-1.0602379581816506,3.0576494191711325
1687105231.198567,0.35249820351600647,0.9316830635070801,-0.08781803399324417,0.5149943828582764,0.15806931257247925,0.1611672043800354,0.41973012685775757,-0.4704238474369049,-2.9971206188201904,1.3266362325744812,-1.1990186707782966,2.9241328909320488
1687105231.245782,0.2029443383216858,0.972029983997345,-0.11820132285356522,0.5192693471908569,0.18130570650100708,0.11818618327379227,0.7957620620727539,-0.30376964807510376,-3.166776657104492,1.0433944814358194,-1.3337249761195233,2.6492134859169756
1687105231.286593,0.04076404124498367,0.985465943813324,-0.16491033136844635,0.6005474925041199,0.057808101177215576,0.15660972893238068,0.9899765849113464,-0.2565791606903076,-3.2992312908172607,0.2423313804735794,-1.4000953951200763,1.8471329692980427
1687105231.339052,-0.1258261799812317,0.9668743014335632,-0.22208541631698608,0.5832845568656921,0.05459487438201904,0.1671997457742691,1.2786678075790405,-0.20531323552131653,-3.416214942932129,-0.5154732690797487,-1.3126869761073081,1.0859362149526768
1687105231.391901,-0.295540988445282,0.9151140451431274,-0.27426624298095703,0.6036310791969299,-0.019133150577545166,0.16553226113319397,1.251204490661621,-0.1832238882780075,-3.6170032024383545,-0.822717594391791,-1.1557907127676512,0.771702549043825
1687105231.437861,-0.4587995409965515,0.8207465410232544,-0.3404090106487274,0.5803661942481995,0.041817665100097656,0.11317527294158936,1.712658166885376,-0.36512231826782227,-3.6656558513641357,-0.9324633915548833,-0.9627165268725201,0.6615330756968621
1687105231.501041,-0.6083700060844421,0.6962210536003113,-0.3810019791126251,0.5334949493408203,0.017234206199645996,0.11604845523834229,1.111698031425476,-0.5948419570922852,-3.6982498168945312,-1.0112865201647732,-0.7701195460263448,0.5910136019769614
1687105231.5426722,-0.7365254163742065,0.5503081679344177,-0.3933083415031433,0.5029588937759399,0.061477720737457275,0.09998875856399536,1.1655570268630981,-0.7668401598930359,-3.6326286792755127,-1.0803161307417342,-0.582733308974895,0.5352792876369874
1687105231.589518,-0.8384408950805664,0.3865782916545868,-0.38415423035621643,0.4993598461151123,0.01703190803527832,0.13203340768814087,0.9173210263252258,-0.8735527396202087,-3.6286256313323975,-1.1411633326254522,-0.39691854997618103,0.49535926519939233
1687105231.662633,-0.9088128805160522,0.21235893666744232,-0.35911428928375244,0.4318839907646179,-0.010637789964675903,0.10706973075866699,0.8565074801445007,-0.933093249797821,-3.5104880332946777,-1.1944809342205167,-0.213988326427269,0.4665098987345345
1687105231.7031112,-0.9472980499267578,0.03957240656018257,-0.31790030002593994,0.39370906352996826,0.008111231029033661,0.07221874594688416,0.7829546928405762,-1.0444406270980835,-3.254732131958008,-1.2470194278462596,-0.03958274287428422,0.4453276401082301
1687105231.744674,-0.9569087624549866,-0.11929778009653091,-0.2647523283958435,0.2730250358581543,-0.03765420615673065,0.07638278603553772,0.7945575714111328,-1.0623706579208374,-2.878350257873535,-1.300873943365236,0.11958258398153568,0.4348752608456537
1687105231.788213,-0.9444037079811096,-0.2525405287742615,-0.2105354219675064,0.21837514638900757,-0.1280900537967682,0.12452180683612823,0.4865701496601105,-0.9420729875564575,-2.3998653888702393,-1.3514535015317768,0.2553049972032445,0.4349418570317389
1687105231.834202,-0.9191252589225769,-0.358114629983902,-0.1642044484615326,0.20339637994766235,-0.10605788230895996,0.09377002716064453,0.2796923518180847,-0.7674443125724792,-1.9375146627426147,-1.3940084654889424,0.36624780397365925,0.4326069421779511
1687105231.928683,-0.889858067035675,-0.43711987137794495,-0.1306874006986618,0.1771809458732605,-0.2357165813446045,0.057109713554382324,0.006580127868801355,-0.5320592522621155,-1.4982417821884155,-1.4249755535358024,0.4523939191872699,0.4268908044777226
1687105231.940975,-0.8639304637908936,-0.49036210775375366,-0.11475875228643417,0.1845937967300415,-0.23261475563049316,0.05654662847518921,-0.09912153333425522,-0.30457180738449097,-0.9425838589668274,-1.438736103819472,0.5125052045255665,0.4110637399985196
1687105231.995936,-0.8481971621513367,-0.5190188884735107,-0.10574153065681458,0.1444617509841919,-0.23943465948104858,0.09312266111373901,0.03848932683467865,-0.11797628551721573,-0.45674100518226624,-1.4467700007455988,0.5457027205343594,0.40607934194215306
1687105232.0631561,-0.8414592146873474,-0.5297844409942627,-0.10618406534194946,0.12112224102020264,-0.16709983348846436,0.06297136098146439,-0.2530781030654907,0.018655195832252502,-0.10504674166440964,-1.4452694250882885,0.5583463599768822,0.39747589302017033
1687105232.104998,-0.8415762186050415,-0.5279410481452942,-0.11414091289043427,0.06250810623168945,-0.10305577516555786,0.023046135902404785,0.05279316380620003,0.14426402747631073,0.12444517016410828,-1.4359913447041959,0.556174415921019,0.38730419514015413
1687105232.144949,-0.8452272415161133,-0.5215637683868408,-0.11645746976137161,0.005673348903656006,-0.04411017894744873,-0.004575014114379883,0.1813487410545349,0.19180405139923096,0.1973079890012741,-1.4338759780878183,0.5486827598214217,0.3997880363155174
1687105232.1935701,-0.8493118286132812,-0.513465940952301,-0.1225663274526596,-0.0298386812210083,0.0392378568649292,0.004265129566192627,0.0751168429851532,0.18522192537784576,0.16656246781349182,-1.427473293163167,0.5392189898706587,0.40644694492578426
1687105232.245256,-0.8510262370109558,-0.509780764579773,-0.1260082870721817,-0.014589667320251465,0.0543057918548584,-0.042280733585357666,0.1788131445646286,0.10143522918224335,0.038093969225883484,-1.4237980844741687,0.534929948456539,0.41403676555394836
1687105232.3155398,-0.8508574366569519,-0.5108171105384827,-0.1229146420955658,-0.0059999823570251465,0.03605496883392334,-0.007166385650634766,0.21298976242542267,0.05565662309527397,-0.022579297423362732,-1.4273290842872368,0.5361350137361373,0.4280047606540116
1687105232.357893,-0.8501594066619873,-0.5119369029998779,-0.12308530509471893,0.010834336280822754,-0.026561200618743896,0.008827686309814453,0.05026662349700928,0.05066676810383797,0.017059525474905968,-1.4270162767841277,0.5374380236092048,0.4343517005103245
1687105232.3977032,-0.8530535697937012,-0.5062148571014404,-0.1266748607158661,0.054484784603118896,-0.1256212592124939,0.027630269527435303,-0.08856343477964401,0.08126622438430786,0.279070109128952,-1.4233778184882444,0.5307900478490623,0.4328518345666701
1687105232.443881,-0.864298939704895,-0.48365864157676697,-0.13806484639644623,0.16282182931900024,-0.2620842754840851,0.09740038216114044,-0.30305418372154236,0.21875905990600586,0.7300882935523987,-1.41239263625145,0.5048299869707233,0.42546545323097257
1687105232.5280828,-0.8859043717384338,-0.43594056367874146,-0.1585225909948349,0.19585609436035156,-0.3285859525203705,0.12252730131149292,-0.33563926815986633,0.38310545682907104,1.3399277925491333,-1.393731568811251,0.4510831135587712,0.4173254820032735
1687105232.542645,-0.9140467047691345,-0.3593284487724304,-0.18815428018569946,0.22677546739578247,-0.3008584678173065,0.11535477638244629,-0.6432067155838013,0.5263030529022217,1.8589141368865967,-1.3677844798620415,0.3675481667217256,0.41020667328501464
1687105232.603203,-0.9408106207847595,-0.2550090551376343,-0.22326184809207916,0.24404847621917725,-0.22494098544120789,0.06632539629936218,-0.4296480715274811,0.5505244135856628,2.324157238006592,-1.3377983161344522,0.2578570650792222,0.40082531608695127
1687105232.645585,-0.9582796096801758,-0.133064866065979,-0.2529709041118622,0.23133546113967896,-0.18781232833862305,0.04471909999847412,-0.1414916217327118,0.6075171828269958,2.638125419616699,-1.3126997530673012,0.1334607060225362,0.4211583209627917
1687105232.707912,-0.9589381217956543,0.0005461515975184739,-0.2836155891418457,0.2549583315849304,-0.08247067034244537,0.02699342370033264,-0.37139222025871277,0.6198179125785828,2.752424478530884,-1.2832339182995192,-0.000546151630219337,0.4462449465621956
1687105232.7540998,-0.940339207649231,0.14189784228801727,-0.3092365562915802,0.21263223886489868,-0.07083773612976074,0.016542643308639526,-0.4959389269351959,0.5117303133010864,2.862903356552124,-1.2530804085783325,-0.14237839723014756,0.46402738961603396
1687105232.809658,-0.9022637009620667,0.28356143832206726,-0.3248280882835388,0.2362021803855896,-0.045951634645462036,-0.03350916504859924,-0.3147960603237152,0.33883339166641235,2.9492452144622803,-1.2252278487496866,-0.2875059552395373,0.49180516858537326
1687105232.8697271,-0.8451092839241028,0.41781720519065857,-0.3334957957267761,0.22343552112579346,-0.01010236144065857,-0.03143322467803955,-0.2218325436115265,0.2362677901983261,2.954408884048462,-1.1949377171665108,-0.43104143902220876,0.5366221519387898
1687105232.9505038,-0.772265613079071,0.5427097678184509,-0.3302604556083679,0.2173948884010315,-0.024307727813720703,-0.027680009603500366,-0.6538186073303223,0.059681572020053864,2.8528199195861816,-1.1666820701336855,-0.5736600065041587,0.5789954287488625
1687105232.964473,-0.6861262321472168,0.6587414741516113,-0.30869174003601074,0.17822206020355225,-0.0002942085266113281,-0.01027783751487732,-0.5581397414207458,-0.09480854123830795,2.851243734359741,-1.1480212655704523,-0.7191447858665452,0.612256594618112
1687105233.005872,-0.5885292291641235,0.7525314092636108,-0.2955165207386017,0.20721203088760376,0.07705849409103394,0.0009457767009735107,-0.3810451030731201,-0.01039842702448368,2.6396265029907227,-1.1054484361069203,-0.8518975760372044,0.6746639457562263
1687105233.054671,-0.4898569583892822,0.8257172107696533,-0.2796988785266876,0.17416775226593018,0.07052308320999146,0.032888174057006836,-0.2281346470117569,0.03959130495786667,2.3585758209228516,-1.051987873301343,-0.9714725289548003,0.7409150243627394
1687105233.097024,-0.39113715291023254,0.8770979046821594,-0.2787676751613617,0.169518381357193,0.0526050329208374,0.003194093704223633,-0.0799851268529892,0.10267237573862076,2.195894956588745,-0.9515904554608626,-1.0697862878162698,0.8546449836917187
1687105233.146879,-0.2937411069869995,0.9142307639122009,-0.27910318970680237,0.13904738426208496,0.027557075023651123,-0.014979302883148193,0.20434699952602386,0.12941668927669525,2.1124327182769775,-0.8109456627844133,-1.1536054226432861,1.0039443075133594
1687105233.259609,-0.18994301557540894,0.936255931854248,-0.29554450511932373,0.06227263808250427,0.04190874099731445,-0.001925438642501831,0.206223726272583,0.060528699308633804,2.2436609268188477,-0.5712180462726852,-1.2118171441142718,1.2582570377907552
1687105233.294833,-0.0858113244175911,0.950141429901123,-0.29977986216545105,0.17664679884910583,0.029350876808166504,-0.03193080425262451,0.17089636623859406,0.05034474655985832,2.1145718097686768,-0.2787928231674992,-1.2536890946999093,1.5648605224009156
1687105233.2983289,0.014914303086698055,0.9505418539047241,-0.31023889780044556,0.1409389078617096,-0.03342735767364502,0.11117285490036011,0.22720997035503387,0.1949552595615387,2.087728977203369,0.048036625781878846,-1.254975731324184,1.903522464945663
1687105233.363569,0.11994928866624832,0.9380854368209839,-0.3249737322330475,0.11512751877307892,0.03739374876022339,0.06671890616416931,0.3666940927505493,0.343119740486145,2.061406135559082,0.35359207551080046,-1.2170613915067248,2.211817405042996
1687105233.40725,0.2210632860660553,0.9181218147277832,-0.32891273498535156,0.16924121975898743,-0.015930473804473877,0.1798803210258484,0.2569015324115753,0.6227774024009705,2.063628673553467,0.5917568896810365,-1.163314821855065,2.441961473880205
1687105233.447946,0.3280297517776489,0.8818413615226746,-0.3387512266635895,0.09196832776069641,0.05993121862411499,0.15720227360725403,0.2221022993326187,0.9620972275733948,1.9474148750305176,0.7693201108063001,-1.0797530388186343,2.593862604838404
1687105233.512655,0.4273035228252411,0.8521334528923035,-0.3021264672279358,0.29602402448654175,-0.062140047550201416,0.14895889163017273,-0.5490162968635559,1.1093189716339111,2.0127453804016113,0.9553521111302499,-1.020048549030947,2.7483171139634615
1687105233.551093,0.534723162651062,0.7992123961448669,-0.27446481585502625,0.151342511177063,0.07850384712219238,-0.027949035167694092,0.34517309069633484,1.1245311498641968,2.350177526473999,1.0965781541045836,-0.9259836453157514,2.8497957506389002
1687105233.6080232,0.6458606123924255,0.7209192514419556,-0.2512763440608978,0.21797001361846924,0.25095897912979126,-0.15956640243530273,0.026167677715420723,0.933371901512146,2.5221498012542725,1.1997593590545619,-0.8051278210943811,2.910461198455167
1687105233.658039,0.7364161610603333,0.6404853463172913,-0.21787644922733307,0.12095999717712402,0.36705267429351807,-0.1929968297481537,-0.045487601310014725,0.7784597873687744,2.1150057315826416,1.2831415683996763,-0.6951301213773614,2.970315567484853
1687105233.698571,0.7984554767608643,0.5714824795722961,-0.18941271305084229,-0.015526831150054932,0.24083465337753296,-0.16735288500785828,0.06832019239664078,0.8339188098907471,1.4992926120758057,1.3378779166696722,-0.6083112830453199,2.9957283515738773
1687105233.7615209,0.8458738923072815,0.5042635202407837,-0.17382746934890747,0.16354084014892578,0.33013296127319336,-0.11958366632461548,1.2586450576782227,0.833503782749176,1.4200752973556519,1.3681175021317082,-0.5285289338498675,2.973394176158027
1687105233.808384,0.887513279914856,0.4323178231716156,-0.1594426929950714,0.07801729440689087,0.3247624635696411,0.017841264605522156,0.5994071960449219,0.8478414416313171,1.2373470067977905,1.3930414052074036,-0.44706164942232207,2.9246532196441093
1687105233.857945,0.9132504463195801,0.3861466646194458,-0.1298641860485077,-0.0017665624618530273,0.22473913431167603,-0.042804181575775146,-0.19759909808635712,0.576099693775177,0.9960471987724304,1.4295433656680343,-0.39645057457678023,2.9426687875214492
1687105233.8975039,0.932877779006958,0.3402665853500366,-0.1181444451212883,-0.03401291370391846,0.6602981090545654,-0.06096309423446655,1.6782740354537964,0.6708245277404785,0.20518995821475983,1.4448218201602545,-0.34720038508945256,2.8732306692913707
1687105233.969368,0.936725378036499,0.33484145998954773,-0.10211177915334702,-1.8835067749023438e-05,-0.04043826460838318,-0.13668815791606903,-0.6253155469894409,0.2671373784542084,0.027006495743989944,1.462215762222448,-0.3414369735506347,2.861306456589512
1687105234.0018601,0.938860297203064,0.33258017897605896,-0.08906224370002747,0.042783498764038086,0.3770299553871155,0.002224564552307129,0.901547908782959,0.16023212671279907,-0.1275445967912674,1.4762172633729909,-0.3390381806999523,2.8479393189472573
1687105234.049135,0.9352799654006958,0.34201064705848694,-0.09099714457988739,0.00487518310546875,-0.10400390625,-0.04665231704711914,-0.2453402578830719,0.03550206124782562,-0.25591620802879333,1.4738075725125512,-0.3490557364363216,2.8354053792661755
1687105234.1124039,0.9319862723350525,0.35357868671417236,-0.07989964634180069,0.01709526777267456,0.0236644446849823,0.07558155804872513,0.13038702309131622,0.29526641964912415,-0.2418161779642105,1.4852749353017425,-0.36139417861960627,2.839447573949647
1687105234.154918,0.9276807904243469,0.36759713292121887,-0.06542966514825821,0.013832390308380127,-0.18627679347991943,-0.05212390422821045,-0.5144814848899841,0.23485437035560608,-0.290610134601593,1.500382566410484,-0.3764239347821335,2.8457681403755273
1687105234.2017689,0.9248196482658386,0.3779638409614563,-0.043038249015808105,-0.0017390847206115723,-0.028720498085021973,0.06969553232192993,0.022093040868639946,0.3388552665710449,-0.14863502979278564,1.524292969244347,-0.38759598847171506,2.8658004785161144
1687105234.276685,0.923618733882904,0.3819166421890259,-0.03268631920218468,0.016933083534240723,-0.09619572758674622,-0.04853605851531029,0.08116248995065689,0.24333643913269043,-0.03600422665476799,1.535421682502102,-0.3918692666979421,2.86034860194764
1687105234.316145,0.9240533113479614,0.38165783882141113,-0.02151755429804325,0.00453561544418335,-0.011891484260559082,-0.013608036562800407,0.0963294580578804,0.2371673882007599,0.031447719782590866,1.5475144806700627,-0.3915892333477229,2.857633421864585
1687105234.355516,0.9252472519874573,0.37911561131477356,-0.013746901415288448,-0.0029144883155822754,-0.01816883683204651,-0.08494681119918823,-0.06806774437427521,0.10299850255250931,0.07222903519868851,1.5559398769617678,-0.3888403814432782,2.8590385385343673
1687105234.4025779,0.9264552593231201,0.37618425488471985,-0.012897898443043232,-0.0005823969841003418,0.0528167188167572,-0.0651506781578064,0.05116970092058182,-0.012048721313476562,0.017568189650774002,1.556875454512725,-0.3856745803063925,2.8579312936828782
1687105234.4558048,0.9262871146202087,0.3764861822128296,-0.015835991129279137,0.012616872787475586,0.023385822772979736,0.006497738882899284,-0.022801995277404785,0.04649679362773895,-0.04781561344861984,1.5537017910737858,-0.38600048487275146,2.8565807956384592
1687105234.54636,0.9248437285423279,0.38003993034362793,-0.015300290659070015,0.01331251859664917,0.001262068748474121,-0.028736412525177002,-0.02468724735081196,0.038275036960840225,-0.06331107765436172,1.55425418622751,-0.3898394808871794,2.855332564379886
1687105234.557364,0.9240158200263977,0.3820931017398834,-0.014148489572107792,-0.012669146060943604,0.001070559024810791,0.0122413020581007,-0.042232684791088104,-0.029252320528030396,-0.008019795641303062,1.5554855673354284,-0.3920602034769812,2.8583372373981404
1687105234.599053,0.9241465330123901,0.3816390931606293,-0.017473379150032997,0.0075247883796691895,-0.009110838174819946,0.0037406068295240402,-0.086100272834301,-0.040158942341804504,-0.017345653846859932,1.5518909950300666,-0.3915689679319019,2.8593544451097594
1687105234.675981,0.923896312713623,0.38232940435409546,-0.015498696826398373,0.013527512550354004,-0.0046894848346710205,0.017741858959197998,-0.02584279328584671,-0.003673878964036703,0.010372061282396317,1.5540225356445752,-0.3923158990077514,2.8649051992708054
1687105234.7043772,0.9241384267807007,0.38173624873161316,-0.0156842228025198,-0.004613161087036133,-0.00897914171218872,-0.006608724594116211,-0.024132510647177696,-0.011156652122735977,0.00954408384859562,1.5538262311861513,-0.3916740763825698,2.864063442778093
1687105234.779438,0.9246464371681213,0.38053885102272034,-0.014819790609180927,0.0004635453224182129,0.010162591934204102,0.011066257953643799,0.013792234472930431,-0.031548209488391876,0.03710593655705452,1.5547701779118723,-0.39037892406707203,2.8667870159938995
1687105234.817241,0.9250797033309937,0.3794138729572296,-0.016525207087397575,0.008819341659545898,0.004985690116882324,-0.0033263564109802246,0.002223462564870715,-0.020710941404104233,0.010296359658241272,1.552934676623372,-0.3891627072049486,2.865574584743486
1687105234.8578591,0.9252201914787292,0.379081666469574,-0.016286460682749748,0.009075641632080078,0.009483516216278076,-0.005029916763305664,-0.0021869982592761517,-0.019528940320014954,0.0036448491737246513,1.5531953499832556,-0.38880369363935446,2.8655981677822537
1687105234.905561,0.9251558780670166,0.3792111873626709,-0.016906404867768288,-0.00880444049835205,0.00354042649269104,-0.0008547306060791016,-0.08085251599550247,-0.05234108120203018,0.0038766777142882347,1.5525242462708084,-0.3889436538605767,2.868400731805534
1687105234.952055,0.9251559376716614,0.379134863615036,-0.01854216307401657,0.012252748012542725,0.022797107696533203,-0.003506602719426155,0.06895961612462997,-0.04255625233054161,0.00027375342324376106,1.5507568068816087,-0.38886119507197087,2.8684325427043316
1687105235.053741,0.9248437285423279,0.37977513670921326,-0.020861025899648666,-0.0052574872970581055,7.730722427368164e-05,-0.0032172203063964844,-0.14523284137248993,-0.0830167904496193,-0.02187848836183548,1.5482438804813785,-0.38955320947148653,2.869446949811047
1687105235.065609,0.923561155796051,0.38286668062210083,-0.021170727908611298,-0.007133424282073975,0.033896803855895996,-0.016884565353393555,-0.43118205666542053,-0.17184658348560333,-0.09445355087518692,1.5478774097987271,-0.3928974376651124,2.8850892074333054
1687105235.104083,0.9196264147758484,0.3922429084777832,-0.020803118124604225,-0.019968271255493164,0.11122095584869385,-0.07871454954147339,-0.9065755009651184,-0.36714258790016174,-0.31378889083862305,1.5481789148607525,-0.4030686540766411,2.919154750994964
1687105235.163821,0.9101012945175171,0.41388171911239624,-0.020441148430109024,-0.032903969287872314,0.2569710612297058,-0.11566710472106934,-1.1985691785812378,-0.597766101360321,-0.5916515588760376,1.5483398018922048,-0.42671403634595917,2.9799063385264577
1687105235.205227,0.8923860192298889,0.4504275619983673,-0.027615325525403023,-0.01175546646118164,0.43624553084373474,-0.15060722827911377,-1.033107042312622,-0.7552021741867065,-0.9936662316322327,1.5398607054987288,-0.4672441903989987,3.039960076087451
1687105235.2754722,0.8603955507278442,0.5084010362625122,-0.03532770648598671,0.07013118267059326,0.5060033202171326,-0.10409170389175415,-1.2814818620681763,-0.7623236179351807,-1.5865415334701538,1.5297595362839553,-0.533326954256825,3.1011914897916224
1687105235.357143,0.8079727292060852,0.5884717702865601,-0.029690148308873177,0.13521885871887207,0.47021371126174927,-0.060061872005462646,-1.0262229442596436,-0.6040734648704529,-2.1157290935516357,1.5340663794211808,-0.6291673589910027,-3.1104585769892306
1687105235.373009,0.7325029969215393,0.6798495054244995,-0.03527160733938217,0.2544049024581909,0.41576212644577026,0.021004799753427505,-0.032736651599407196,-0.4265754222869873,-2.560093402862549,1.5226813237979226,-0.7475574212054429,-3.086478212691227
1687105235.414233,0.6301735639572144,0.7752379775047302,-0.04344932734966278,0.35903847217559814,0.2772524356842041,-0.0002822279930114746,-0.2436438351869583,-0.2907677888870239,-2.9885385036468506,1.5019570810932859,-0.8870917305058914,-3.0907916635809514
1687105235.456469,0.49994805455207825,0.864772617816925,-0.04712464660406113,0.44852298498153687,0.2824901342391968,0.04787248373031616,0.3318639397621155,-0.09315455704927444,-3.2839014530181885,1.476814921046765,-1.0446973319262425,-3.110883817433024
1687105235.521833,0.344738245010376,0.9354171752929688,-0.07842394709587097,0.5373112559318542,0.14020544290542603,0.061074867844581604,1.052977204322815,-0.0974370539188385,-3.4989681243896484,1.347114674023938,-1.209437146181035,3.0352448747631944
1687105235.561557,0.1744576394557953,0.9734635949134827,-0.14809876680374146,0.5476034283638,0.1350722312927246,0.08080770075321198,1.3411452770233154,-0.2620067894458771,-3.5581274032592773,0.8669356345434733,-1.3399084415540976,2.543419720531985
1687105235.6657581,-0.003008826868608594,0.9769813418388367,-0.21330448985099792,0.5403927564620972,0.18811893463134766,0.13234150409698486,1.4195399284362793,-0.32872283458709717,-3.606417655944824,-0.014104848386245945,-1.3558195407941132,1.6579758464472347
1687105235.6773539,-0.1889709234237671,0.9461859464645386,-0.2627212703227997,0.597158670425415,0.08248543739318848,0.07725083827972412,0.7839823961257935,-0.5780231356620789,-3.7803537845611572,-0.6235506398476842,-1.241239798071978,1.051286364178912
1687105235.726723,-0.37159398198127747,0.8810687065124512,-0.29263678193092346,0.614071249961853,0.11670362949371338,0.12009048461914062,0.8253538012504578,-0.6346443295478821,-3.7666311264038086,-0.9037131262591145,-1.078116930904022,0.7788842044651653
1687105235.7687511,-0.5336856842041016,0.7864950299263,-0.31081390380859375,0.526758074760437,0.05177706480026245,0.07784286141395569,0.6027412414550781,-0.6582230925559998,-3.5235648155212402,-1.043425012379995,-0.9051131760686815,0.6503359688752268
1687105235.811301,-0.6733571887016296,0.6727103590965271,-0.30667760968208313,0.5406970977783203,0.062183499336242676,0.12735646963119507,0.46130234003067017,-0.6735513210296631,-3.488246440887451,-1.143423022920225,-0.7378657915930065,0.5611727724224301
1687105235.876735,-0.7864697575569153,0.5386064052581787,-0.30227234959602356,0.47126883268356323,-0.013475179672241211,0.10737201571464539,0.656247615814209,-0.6375095248222351,-3.2900233268737793,-1.2038617991041312,-0.5687821970104411,0.5165405853191329
1687105235.9538841,-0.8714622855186462,0.39746329188346863,-0.2873613238334656,0.44728314876556396,-0.016100436449050903,0.1127551794052124,0.310979425907135,-0.5283641219139099,-3.1603474617004395,-1.2522777041262987,-0.4087507406339575,0.4772992879504904
1687105235.967852,-0.9283085465431213,0.2538774013519287,-0.2716428339481354,0.343255877494812,-0.0196702778339386,0.08661484718322754,0.5349385142326355,-0.49134066700935364,-2.9265215396881104,-1.2861226848982097,-0.25668689551236357,0.4521853926016147
1687105236.0172958,-0.9607440829277039,0.11293081194162369,-0.2534119486808777,0.2957811951637268,-0.03176938742399216,0.056497424840927124,0.6329806447029114,-0.4636838734149933,-2.719020128250122,-1.3129036695256016,-0.11317224131277635,0.43897966031287045
1687105236.059114,-0.97246253490448,-0.022546391934156418,-0.23196722567081451,0.2875868082046509,-0.031225666403770447,0.030063092708587646,0.7766592502593994,-0.4940035343170166,-2.480931282043457,-1.3366361647359368,0.02254830279561202,0.4427329652588905
1687105236.124059,-0.9681863784790039,-0.14444100856781006,-0.2043333351612091,0.22700583934783936,-0.0976702868938446,0.06911017000675201,0.6555357575416565,-0.48831766843795776,-2.2391180992126465,-1.3628010750331505,0.14494803745072735,0.4503043133228626
1687105236.1628861,-0.9510592818260193,-0.25532078742980957,-0.17406326532363892,0.28005385398864746,-0.0043381452560424805,0.022330045700073242,0.5257213115692139,-0.5196224451065063,-2.1090681552886963,-1.3897793100238969,0.25817947034611083,0.4577451900613235
1687105236.2542071,-0.925205409526825,-0.3527432084083557,-0.13988430798053741,0.19888681173324585,-0.11173447966575623,0.01798205077648163,0.5656458139419556,-0.5486478805541992,-1.90200936794281,-1.420740118294418,0.36050115661127335,0.46978039330040905
1687105236.268424,-0.8929761052131653,-0.43836212158203125,-0.10213954746723175,0.18495303392410278,-0.0712815523147583,-0.009417228400707245,0.6283342242240906,-0.5759842395782471,-1.6906039714813232,-1.4569102152515179,0.4537755579873963,0.48796499755206374
1687105236.309352,-0.8566560745239258,-0.5119774341583252,-0.06340440362691879,0.14146119356155396,-0.0725259780883789,0.026020579040050507,0.6500770449638367,-0.5298984050750732,-1.5080745220184326,-1.496917201395134,0.5374852166217107,0.5121011931287126
1687105236.387387,-0.8211422562599182,-0.57014399766922,-0.025722676888108253,0.05196183919906616,-0.13272172212600708,0.05219686031341553,0.5972610116004944,-0.36193832755088806,-1.164008378982544,-1.539481085423083,0.6066811494240637,0.5487068298646522
1687105236.419899,-0.7924829721450806,-0.6098938584327698,0.0006887871422804892,0.018572449684143066,-0.12487798929214478,0.04778861999511719,0.44720330834388733,-0.23515115678310394,-0.8117120265960693,-1.571665477249485,0.6559266639098497,0.5786386565140341
1687105236.46107,-0.7723700404167175,-0.6348094344139099,0.021494751796126366,0.0324406623840332,-0.1301749348640442,0.028890015557408333,0.34811586141586304,-0.17524924874305725,-0.49500131607055664,-1.5986187489019008,0.687761867598426,0.6047754173520876
1687105236.557729,-0.7604706883430481,-0.6484038829803467,0.035452067852020264,0.04080522060394287,-0.1063416600227356,0.047540660947561264,0.14758944511413574,-0.07126051187515259,-0.26124146580696106,-1.6173811847110164,0.7054860209015075,0.6245746021380332
1687105236.574469,-0.7534399032592773,-0.6567112803459167,0.03254259005188942,0.02416127920150757,-0.06292390823364258,0.04959571361541748,-0.3497239351272583,0.029871741309762,-0.17311467230319977,-1.6139615175688091,0.7164495311593577,0.6179140699598032
1687105236.6117601,-0.7503669261932373,-0.6605949997901917,0.02375049702823162,0.0035101771354675293,-0.017704129219055176,-0.00116729736328125,0.0565202571451664,0.06834571808576584,-0.03065340220928192,-1.6024376067245687,0.7216110549064275,0.604212144453317
1687105236.6627278,-0.7505919933319092,-0.6602807641029358,0.02532242052257061,0.0015532374382019043,-0.02509838342666626,0.013343570753932,0.02398601733148098,0.07772848010063171,0.04074381664395332,-1.6045201371187203,0.7211925597511103,0.6117465668330446
1687105236.71204,-0.752749502658844,-0.6580255031585693,0.019252635538578033,0.01678764820098877,-0.01952582597732544,0.021351216360926628,-0.10616639256477356,0.09603263437747955,0.11070605367422104,-1.5963671697641966,0.7181935814604308,0.6056036740725127
1687105236.7568169,-0.7567474842071533,-0.6535528302192688,0.014227570965886116,0.011065661907196045,-0.030041098594665527,0.03934621810913086,-0.02956216409802437,0.15648066997528076,0.16532741487026215,-1.5895950612534346,0.7122690235977241,0.6035079717117832
1687105236.808392,-0.7636120319366455,-0.6456388831138611,0.00685805594548583,0.03518801927566528,-0.06261307001113892,0.041481971740722656,-0.16126160323619843,0.2500132918357849,0.294095516204834,-1.579777158966419,0.7018596277612354,0.6011713001560088
1687105236.89146,-0.7755340933799744,-0.6312578320503235,-0.007796859368681908,0.039572060108184814,-0.06321561336517334,0.054885685443878174,-0.08995253592729568,0.3351067006587982,0.49058353900909424,-1.5607431305129722,0.683173965828675,0.5930509792329504
1687105236.932977,-0.7966577410697937,-0.6037929058074951,-0.027765654027462006,0.09267818927764893,-0.20959222316741943,0.11457312107086182,-0.08756847679615021,0.5425361394882202,0.9257615804672241,-1.535957752784585,0.6482506985318514,0.5876641447809705
1687105236.972649,-0.8305366039276123,-0.5534809827804565,-0.06219423562288284,0.17384397983551025,-0.3012555241584778,0.18176233768463135,-0.30842337012290955,0.9122269153594971,1.531365156173706,-1.496051430131391,0.5865379829688971,0.5811569349013493
1687105237.031429,-0.8737030625343323,-0.47196143865585327,-0.11787961423397064,0.2731170654296875,-0.3397604525089264,0.19780534505844116,-0.21966738998889923,1.230705976486206,2.195267915725708,-1.4366866211970126,0.4915142746779935,0.5720603550407128
1687105237.071976,-0.9154811501502991,-0.3590882122516632,-0.1815224587917328,0.35395753383636475,-0.31283268332481384,0.1285136342048645,-0.13047173619270325,1.4500021934509277,2.7565104961395264,-1.3750542466714042,0.367290772836914,0.5867775024066549
1687105237.166882,-0.9423123598098755,-0.21803581714630127,-0.25398463010787964,0.37889665365219116,-0.2604036331176758,0.07971417903900146,-0.1509016454219818,1.5395694971084595,3.2060158252716064,-1.3075194628017204,0.21980140518088817,0.6160461124486081
1687105237.1811619,-0.9429384469985962,-0.053753286600112915,-0.3285999894142151,0.37412118911743164,-0.21901291608810425,0.050920724868774414,-0.09870395064353943,1.578467607498169,3.6311442852020264,-1.235471753365322,0.05377920504548411,0.6610355441573323
1687105237.2251081,-0.9077574014663696,0.12886503338813782,-0.399212509393692,0.4253506064414978,-0.1777084618806839,0.031445324420928955,-0.774219274520874,1.4353013038635254,3.873992919921875,-1.1564747531135566,-0.12922437830711866,0.7136813566476642
1687105237.2723022,-0.8366361260414124,0.32515180110931396,-0.4408133625984192,0.4910091757774353,-0.10093918442726135,-0.010083705186843872,-1.3771636486053467,1.0624768733978271,3.8852133750915527,-1.0858705659771337,-0.33117223867487333,0.7463598101657892
1687105237.3154778,-0.7369450926780701,0.5023779273033142,-0.4522481858730316,0.4323185086250305,0.019350647926330566,-0.050147294998168945,-0.9192750453948975,0.7208045125007629,3.6918046474456787,-1.0203789595720307,-0.5263467465485071,0.7965935490678134
1687105237.3806682,-0.6208022236824036,0.6440173983573914,-0.44704166054725647,0.379499614238739,0.010386347770690918,0.015218079090118408,-0.6804424524307251,0.5595284700393677,3.4135653972625732,-0.9467053291762734,-0.6997381919606697,0.8685945257175473
1687105237.451995,-0.4904562830924988,0.7422681450843811,-0.45660802721977234,0.26978349685668945,0.13782835006713867,0.028828024864196777,0.07747454196214676,0.6953825354576111,3.1708853244781494,-0.8211231410726441,-0.8364488070454418,1.0040472458614325
1687105237.4660668,-0.35736122727394104,0.8045505881309509,-0.4743325710296631,0.2951968014240265,0.09626734256744385,-0.008821547031402588,0.12159726023674011,0.7331228852272034,2.847533702850342,-0.6456722948312074,-0.9349183118984737,1.1820005959337951
1687105237.520584,-0.22524401545524597,0.8484077453613281,-0.4790298342704773,0.2585386037826538,0.038570523262023926,0.05575108528137207,-0.5921192765235901,0.6516111493110657,2.789108991622925,-0.43953185768885067,-1.0129700500769985,1.3888908285095636
1687105237.5938148,-0.08901971578598022,0.8824924230575562,-0.46182551980018616,0.18463119864463806,0.1842648983001709,-0.02036738395690918,-0.48978838324546814,0.6764969825744629,2.6191046237945557,-0.19042073235935966,-1.0811354267806477,1.637856968183874
1687105237.647287,0.03914407268166542,0.8945232629776001,-0.4453045427799225,0.2655280828475952,0.07094627618789673,0.008903264999389648,-0.029666027054190636,0.6843673586845398,2.5738394260406494,0.08767867639653062,-1.1073635496755545,1.912304045812289
1687105237.689126,0.16595663130283356,0.8834934830665588,-0.43806129693984985,0.17216278612613678,0.06831938028335571,0.08659049868583679,-0.6653335690498352,0.7609444260597229,2.2344164848327637,0.3621359683820771,-1.0832682038291812,2.1797443141625106
1687105237.739173,0.2784291207790375,0.8791170120239258,-0.3868213891983032,0.23042094707489014,0.13554686307907104,-0.08983254432678223,-0.8384574055671692,0.814133882522583,2.1613500118255615,0.6238829167347264,-1.0740063607977515,2.4330140191057
1687105237.7664099,0.3776751160621643,0.8699337244033813,-0.3171390891075134,0.1952008605003357,-0.03333991765975952,0.13119560480117798,-2.008563756942749,0.6547952890396118,1.8421992063522339,0.8723041686474691,-1.0550679563683376,2.672273898070914
1687105237.862918,0.4792475402355194,0.8400329947471619,-0.2542963922023773,0.22380119562149048,0.31240248680114746,-0.12956881523132324,-0.1455361694097519,0.4858407974243164,2.451476573944092,1.0829569818015583,-0.9973439995543769,2.8892048918423407
1687105237.876906,0.578554630279541,0.7879077196121216,-0.21089406311511993,0.1919683814048767,0.050959646701812744,0.07303102314472198,-1.8598473072052002,0.2696037292480469,2.1840810775756836,1.2212461404656418,-0.9074038344920469,3.0335549727430613
1687105237.918232,0.6608244776725769,0.7393692135810852,-0.12901337444782257,0.1645081639289856,0.2831529378890991,0.0711827427148819,-1.6658844947814941,0.2575646638870239,1.9556719064712524,1.3779905879467633,-0.8321329844525902,-3.059634309668464
1687105237.9930968,0.7290767431259155,0.6802783608436584,-0.07528967410326004,0.14957010746002197,0.3002820611000061,0.036135800182819366,-0.7398898005485535,0.11362262815237045,1.9016879796981812,1.4678939395565682,-0.7481423557572684,-2.946956827523984
1687105238.037257,0.787184476852417,0.613959789276123,-0.05826041102409363,0.03897219896316528,0.3466269373893738,0.08264410495758057,0.0005296922754496336,0.34118205308914185,1.5296138525009155,1.496919891857049,-0.6610674541185771,-2.9201049964362276
1687105238.077722,0.8264118432998657,0.5610800385475159,-0.047253962606191635,0.03592342138290405,0.29696762561798096,0.05070263147354126,0.5890499353408813,0.5501875877380371,1.1187465190887451,1.5136788436115558,-0.5956899948567168,-2.9306961977945445
1687105238.159683,0.8548194169998169,0.5171504616737366,-0.04289140924811363,0.004510045051574707,0.26759397983551025,0.03010469302535057,0.7405795454978943,0.6245083212852478,0.8646315932273865,1.520662381072854,-0.5435183001141618,-2.9758001805032785
1687105238.17657,0.8761858344078064,0.48091909289360046,-0.03186934068799019,-0.0013688206672668457,0.30860134959220886,-0.02733457088470459,0.4464544355869293,0.5235214829444885,0.7036226987838745,1.5344395436052158,-0.5017026746182739,-3.006308122632061
1687105238.218164,0.8893496990203857,0.45670807361602783,-0.021801898255944252,-0.011145174503326416,0.32762444019317627,-0.07155120372772217,0.6797449588775635,0.514376699924469,0.3243675231933594,1.5462868099418725,-0.47429126832190704,-3.0370103383996425
1687105238.2927809,0.8930674195289612,0.449734628200531,-0.01301620714366436,-0.02281290292739868,0.19359132647514343,-0.11949092149734497,0.32024163007736206,0.4256078898906708,-0.002563378307968378,1.5562226397511183,-0.4664681950983999,-3.0668691510075172
1687105238.331777,0.8913739919662476,0.4532431364059448,-0.004857567138969898,0.0011279582977294922,0.15607097744941711,-0.11522889137268066,0.48847565054893494,0.27545079588890076,-0.13829804956912994,1.5653468531528953,-0.47040027539916585,-3.086322659963788
1687105238.393622,0.8875837922096252,0.4606122374534607,-0.005637305323034525,0.024663031101226807,-0.009760618209838867,-0.10083836317062378,0.11544349789619446,0.09308524429798126,-0.1766207218170166,1.5644451184107357,-0.47868484569240916,-3.1075975653250563
1687105238.4651809,0.8838297724723816,0.46777018904685974,-0.0060250344686210155,0.03008025884628296,0.012012064456939697,-0.05276691913604736,0.09449000656604767,0.013482825830578804,-0.16610205173492432,1.5639794696911842,-0.4867662569907653,-3.1130554964215333
1687105238.480109,0.8803116679191589,0.47436270117759705,-0.005616709124296904,0.0049727559089660645,-0.07534527778625488,-0.04682755470275879,-0.08711972832679749,-0.024732358753681183,-0.11521269381046295,1.5644160486405014,-0.49423994255491843,-3.111876693325667
1687105238.519553,0.879061222076416,0.4766294062137604,-0.008711331523954868,0.01882690191268921,-0.05441862344741821,-0.009949980303645134,-0.05383767560124397,-0.07297603785991669,-0.02827133797109127,1.560886839119914,-0.49681657730311846,-3.1091169287979197
1687105238.596856,0.8802880048751831,0.47419071197509766,-0.015378765761852264,0.00801771879196167,-0.051644206047058105,-0.011781691573560238,-0.0011222665198147297,-0.06127741187810898,0.005861797370016575,1.553327951565975,-0.4940446116121533,-3.109594026571103
1687105238.625434,0.8817095160484314,0.4714771509170532,-0.01726563461124897,0.01950526237487793,-0.04909840226173401,-0.0001902598887681961,-0.16095827519893646,-0.06373459845781326,0.04202466085553169,1.5512168309883436,-0.4909650494964062,-3.1060468242677537
1687105238.67714,0.8840311169624329,0.4670373201370239,-0.01911028102040291,-0.008481860160827637,0.012058228254318237,0.01325106993317604,-0.020470131188631058,-0.06900892406702042,0.06300071626901627,1.5491824894289814,-0.48593724049384895,-3.1011364121834744
1687105238.763331,0.8858513832092285,0.4634714126586914,-0.021490884944796562,-0.00674670934677124,0.022231251001358032,0.016394617035984993,0.0419602245092392,-0.03250392898917198,0.04776284471154213,1.5465409377057198,-0.4819087761916564,-3.101652093939284
1687105238.777896,0.8864273428916931,0.46233153343200684,-0.022283336147665977,-0.00013571977615356445,0.02863544225692749,0.018011033535003662,0.04177593067288399,-0.008837305009365082,0.016570303589105606,1.5456632511070534,-0.4806228250414964,-3.1036197652156847
1687105238.821682,0.8862257599830627,0.4627731442451477,-0.021106217056512833,-0.0031232237815856934,0.021479934453964233,0.021152138710021973,-0.006472823675721884,0.0028711275663226843,7.847743108868599e-05,1.5469849793337433,-0.48112092184801114,-3.1039593912623573
1687105238.896968,0.8856574296951294,0.46397706866264343,-0.018349939957261086,-0.006308436393737793,0.01876547932624817,0.00626516155898571,0.006867216434329748,0.004760374315083027,-0.0032038684003055096,1.550080286580807,-0.4824795014671152,-3.1007683711390546
1687105238.937629,0.8848647475242615,0.4655027389526367,-0.017949219793081284,-0.000968635082244873,0.010739564895629883,0.013859985396265984,0.06119304150342941,0.009428673423826694,-0.028509357944130898,1.5505144031946227,-0.484202549147889,-3.1035633508600924
1687105238.977138,0.8837839365005493,0.467591792345047,-0.016863947734236717,-0.0007576942443847656,0.0019518136978149414,0.008471786975860596,0.02880793623626232,0.034947946667671204,-0.0304306298494339,1.5517171139313848,-0.4865644345083837,-3.105638793731595
1687105239.059159,0.8830821514129639,0.4689766466617584,-0.015077526681125164,0.005132079124450684,-0.011991024017333984,0.009569227695465088,0.002367007080465555,0.018569443374872208,-0.005606173072010279,1.553724232086691,-0.4881317577827101,-3.105719399675124
1687105239.097858,0.8829991817474365,0.46917256712913513,-0.013778164982795715,-0.002139747142791748,-0.016840875148773193,-0.005478261969983578,-0.004001409746706486,0.03163124620914459,0.0017627272754907608,1.5551937677361263,-0.4883535872532595,-3.1050754715826336
1687105239.151299,0.8835930228233337,0.4680684208869934,-0.013251861557364464,0.0005165338516235352,-0.01161685585975647,-0.006386040709912777,-0.004698625765740871,0.008566653355956078,0.02992265857756138,1.555799752948307,-0.48710370267699726,-3.1059475409058357
1687105239.193676,0.8845552206039429,0.4662505090236664,-0.013150687329471111,0.0003479123115539551,-0.003542780876159668,-0.004732491448521614,0.013303810730576515,-0.014704558998346329,0.04240895435214043,1.5559304171177673,-0.48504765266733596,-3.104176256979913
1687105239.2366462,0.8857071995735168,0.4640047550201416,-0.014926268719136715,0.005345165729522705,0.003326326608657837,-0.006176471710205078,-0.007001194637268782,-0.009901348501443863,0.04438402131199837,1.553945547802708,-0.4825107829587354,-3.1062483337204982
1687105239.275923,0.8863269686698914,0.4628206491470337,-0.014902072958648205,0.0015668272972106934,0.010674983263015747,-0.0034388303756713867,-0.07267580926418304,-0.022081181406974792,0.019072409719228745,1.5539846198018241,-0.48117453173575825,-3.1039331421436653
1687105239.363492,0.8867136240005493,0.46204668283462524,-0.015881363302469254,-0.00524371862411499,0.02109256386756897,-0.005846979096531868,-0.06680300831794739,-0.04277068004012108,0.017960472032427788,1.5528878775952693,-0.48030162410720606,-3.101332625379577
1687105239.378316,0.8864961266517639,0.46249911189079285,-0.014816171489655972,-0.0006318092346191406,0.018244415521621704,-0.00245660450309515,-0.16513091325759888,-0.042659271508455276,-0.01739911548793316,1.554084700019431,-0.4808118317533779,-3.0938989031007598
1687105239.42384,0.8855792880058289,0.4643109440803528,-0.012845424003899097,0.009760737419128418,0.04695016145706177,-0.05327075719833374,-0.41398122906684875,-0.16474008560180664,-0.04599694162607193,1.5562922351159416,-0.48285645240444564,-3.07939915303242
1687105239.495847,0.8831331133842468,0.4689840078353882,-0.011415058746933937,-0.006790280342102051,0.19446831941604614,-0.08752274513244629,-0.5871015787124634,-0.3454761207103729,-0.19765590131282806,1.557871408704643,-0.4881400818406345,-3.0485624227310937
1687105239.5388942,0.8740461468696594,0.4855787456035614,-0.01603172905743122,-0.03876471519470215,0.37167543172836304,-0.12614953517913818,-0.6456860899925232,-0.5155378580093384,-0.5623234510421753,1.5524564134152297,-0.5070250783561973,-3.0138690062434765
1687105239.573162,0.853405773639679,0.5204563736915588,-0.028706395998597145,0.02774357795715332,0.5369168519973755,-0.08375072479248047,-0.11397238820791245,-0.516045093536377,-1.0631976127624512,1.5371715527528798,-0.5473853336592088,-2.9905871889110966
1687105239.688942,0.8153769373893738,0.5763638615608215,-0.054456256330013275,0.1028512716293335,0.529227077960968,-0.09027314186096191,0.30530422925949097,-0.5437009334564209,-1.6095916032791138,1.5041087584148807,-0.6142721246838685,-3.002594760892276
1687105239.719018,0.7542561888694763,0.6516292095184326,-0.08048183470964432,0.22050583362579346,0.4606146216392517,-0.05217790603637695,-0.17715801298618317,-0.5578462481498718,-2.2340564727783203,1.4644949646122811,-0.7097302914227791,-3.023658557631446
1687105239.732048,0.6655923128128052,0.7414059638977051,-0.08546637743711472,0.3466300964355469,0.32391709089279175,-0.014768429100513458,-0.47231245040893555,-0.5321856141090393,-2.6280767917633057,1.4430886555709996,-0.8351631270823464,-3.0146898522726513
1687105239.771699,0.5559529066085815,0.8267437219619751,-0.08608853816986084,0.4547434449195862,0.19811290502548218,0.02154405415058136,-0.259600967168808,-0.4533397853374481,-2.8077011108398438,1.4171678637014173,-0.9732946907243352,-3.0162726458125344
1687105239.83691,0.4300377070903778,0.8980368971824646,-0.09272387623786926,0.4857032597064972,0.17412209510803223,-0.0028569698333740234,0.06095335632562637,-0.4136832654476166,-2.915545701980591,1.3584295406076574,-1.1152865400368976,-3.0583861167840793
1687105239.8749819,0.28712940216064453,0.9532314538955688,-0.09437485039234161,0.5221508741378784,0.06304973363876343,0.07234133780002594,-0.4132179617881775,-0.3036470115184784,-3.2026844024658203,1.25323596008255,-1.2637532907141538,3.132021511126713
1687105239.92767,0.11885376274585724,0.9892887473106384,-0.08474482595920563,0.5303313136100769,0.12750208377838135,0.05657727271318436,0.21565531194210052,0.12514515221118927,-3.6527628898620605,0.9513870484182837,-1.4243009119142165,2.8262387266286346
1687105240.003152,-0.06946827471256256,0.9915023446083069,-0.10998871177434921,0.6020609736442566,0.11253219842910767,0.09225822240114212,0.5135349035263062,0.09914173185825348,-3.872215509414673,-0.5633274188736334,-1.4403378929638513,1.29519028164495
1687105240.046342,-0.25734150409698486,0.9575937390327454,-0.12957708537578583,0.6199207305908203,0.09793329238891602,0.10591088235378265,0.5719263553619385,0.02214415930211544,-3.801483631134033,-1.1043351587346653,-1.2785312875523442,0.7426885195475619
1687105240.1307058,-0.4310898780822754,0.8874478936195374,-0.16308847069740295,0.6251052618026733,0.024691998958587646,0.020815759897232056,0.6323787569999695,-0.19813157618045807,-3.6132259368896484,-1.2091210940696173,-1.0917781283294554,0.6344826444013406
1687105240.146058,-0.5821343064308167,0.7943540811538696,-0.1735551655292511,0.5746116042137146,-0.006924271583557129,0.056535735726356506,0.21780262887477875,-0.2577526569366455,-3.421208143234253,-1.2810505574935784,-0.9179434974702784,0.563313133123329
1687105240.18021,-0.7066118121147156,0.6873025894165039,-0.16827049851417542,0.481178343296051,-0.08059793710708618,0.03410013020038605,-0.02162141539156437,-0.31702831387519836,-3.0936005115509033,-1.337013532956457,-0.7577689845257155,0.507407226303895
1687105240.22616,-0.8015106320381165,0.5778768658638,-0.15375059843063354,0.3997618556022644,-0.08059293031692505,0.039737120270729065,-0.029780542477965355,-0.3073195219039917,-2.6909308433532715,-1.3812725573326083,-0.6161247836299268,0.4619493922990094
1687105240.302351,-0.8704649209976196,0.47094640135765076,-0.14318020641803741,0.3529781699180603,-0.10444557666778564,0.04506637156009674,0.13953179121017456,-0.2203345000743866,-2.4253461360931396,-1.40776910330663,-0.49036329446171817,0.43835222582040356
1687105240.337796,-0.9222831130027771,0.36202049255371094,-0.13540856540203094,0.3438984751701355,-0.14526942372322083,0.037096381187438965,0.17320851981639862,-0.22107620537281036,-2.3189001083374023,-1.425018944138863,-0.3704344978532234,0.4249725411405875
1687105240.377702,-0.9574611186981201,0.25800132751464844,-0.12924261391162872,0.26561230421066284,-0.1613827347755432,0.06381310522556305,0.3476620614528656,-0.22489234805107117,-2.0083374977111816,-1.4366226103460775,-0.2609529071736009,0.42572633408059796
1687105240.4511418,-0.9784843325614929,0.16652198135852814,-0.1218155026435852,0.20771700143814087,-0.1649504005908966,0.05144215375185013,0.2317437380552292,-0.15356400609016418,-1.6897525787353516,-1.4469395009529293,-0.16730134899076457,0.4243941367382338
1687105240.487986,-0.9892200231552124,0.08610200136899948,-0.11845089495182037,0.19728869199752808,-0.12600381672382355,0.0670594573020935,0.31752893328666687,-0.05561557412147522,-1.563186526298523,-1.4516220374174174,-0.08620874657466163,0.43075173827524904
1687105240.529776,-0.9930484294891357,0.006025797687470913,-0.1175537034869194,0.18132644891738892,-0.13841113448143005,0.057602107524871826,0.5368562340736389,0.014332308433949947,-1.503974199295044,-1.4529680498239446,-0.006025834296129709,0.4389515529356525
1687105240.587768,-0.9908286929130554,-0.06644001603126526,-0.11766330897808075,0.1155385971069336,-0.1508147269487381,0.03146660327911377,0.7133857011795044,0.016945889219641685,-1.2695786952972412,-1.452597449256347,0.06648899048245875,0.46571009074862924
1687105240.628607,-0.9848259091377258,-0.12976884841918945,-0.11523094028234482,0.13196629285812378,-0.1482463926076889,0.042400963604450226,0.3316708505153656,-0.003322630189359188,-1.186147689819336,-1.4543195308762684,0.1301358495996974,0.48581207629983897
1687105240.724971,-0.9761771559715271,-0.1852557212114334,-0.11295383423566818,0.07860934734344482,-0.18321360647678375,0.0528038889169693,0.5145986080169678,0.048148106783628464,-0.9585760235786438,-1.4555982437728503,0.18633208847213045,0.4960604693472636
1687105240.733922,-0.9666708707809448,-0.23110149800777435,-0.11018078029155731,0.07838034629821777,-0.1670461893081665,0.024045109748840332,0.4318099617958069,0.07013361155986786,-0.8258876204490662,-1.4573064773943902,0.23320967741558543,0.5181811226179001
1687105240.778994,-0.9577643275260925,-0.26533469557762146,-0.11083818972110748,0.030716538429260254,-0.1940465271472931,0.023787036538124084,0.25158533453941345,0.11183492094278336,-0.474978506565094,-1.4555828854965345,0.2685510366541977,0.5310190923389344
1687105240.8356571,-0.9524364471435547,-0.2826685607433319,-0.1138588935136795,0.035428762435913086,-0.11743229627609253,-0.005083158612251282,0.06489989161491394,0.10191117972135544,-0.24703803658485413,-1.4518160891660281,0.28657500090601296,0.5395749029690824
1687105240.891695,-0.9498239159584045,-0.2902030348777771,-0.11669241636991501,0.018396735191345215,-0.12814733386039734,-0.021094202995300293,0.23254269361495972,0.05887753888964653,-0.04771820828318596,-1.448552017892742,0.29443898253871437,0.5424908911652253
1687105240.93604,-0.9498746395111084,-0.2901902496814728,-0.11630943417549133,0.008483648300170898,-0.09254607558250427,0.01683761179447174,0.2159900814294815,0.11159920692443848,0.0861814022064209,-1.4489557008353424,0.29442562955345725,0.5591749916793121
1687105241.033136,-0.9507418274879456,-0.2849198281764984,-0.12211032211780548,0.019604623317718506,-0.05333709716796875,0.008447766304016113,-0.030982160940766335,0.1411403864622116,0.1698296219110489,-1.4430587673486455,0.2889228004913528,0.5644805980517438
1687105241.048907,-0.952302098274231,-0.2763527035713196,-0.12942157685756683,0.014817357063293457,-0.03758171200752258,0.010082796216011047,-0.015715589746832848,0.1372414231300354,0.23258328437805176,-1.4357199784584156,0.27999693539731724,0.5640526147714666
1687105241.096945,-0.9548643827438354,-0.2644314765930176,-0.13531534373760223,0.0062253475189208984,-0.04486429691314697,-0.0007470846176147461,0.028605002909898758,0.12360940128564835,0.3006885051727295,-1.4300221049442285,0.2676143678113444,0.5672629118631478
1687105241.13757,-0.9584717750549316,-0.24862408638000488,-0.13970847427845,0.041448771953582764,-0.056200891733169556,0.0014334768056869507,-0.08930086344480515,0.0668470486998558,0.3551267087459564,-1.4260539735373892,0.2512594801101048,0.5694677872092468
1687105241.186527,-0.9624808430671692,-0.22973205149173737,-0.14440931379795074,0.07599085569381714,-0.1535383015871048,0.01997406780719757,-0.26332300901412964,0.04099321365356445,0.3797253966331482,-1.421868586829735,0.23180236597963838,0.5619308914913936
1687105241.232256,-0.9673153758049011,-0.20548583567142487,-0.14858251810073853,0.13220173120498657,-0.24461804330348969,0.07671380043029785,-0.05893549695611,0.09868775308132172,0.5966079235076904,-1.418384571923668,0.20696010403150306,0.5561344739357463
1687105241.3261209,-0.9731521606445312,-0.16734319925308228,-0.15802372992038727,0.17052441835403442,-0.3271332383155823,0.10615932941436768,-0.09758275747299194,0.28040239214897156,0.9907335042953491,-1.4098180485245864,0.168134248574156,0.560480233200374
1687105241.336077,-0.9786189794540405,-0.10534660518169403,-0.17665578424930573,0.1827508807182312,-0.3347322344779968,0.10867804288864136,-0.2729055881500244,0.419476181268692,1.4422332048416138,-1.392204222191083,0.10554244131862753,0.5610433296422163
1687105241.382975,-0.9789655208587646,-0.02188279666006565,-0.20284903049468994,0.23972290754318237,-0.30148154497146606,0.09980663657188416,-0.301808625459671,0.5966354608535767,1.8446078300476074,-1.366480145807066,0.021884543464864306,0.5629625116680013
1687105241.4346461,-0.9687380194664001,0.08235963433980942,-0.234016552567482,0.2588837146759033,-0.2537616789340973,0.07975035905838013,-0.16481958329677582,0.6649780869483948,2.2919623851776123,-1.333768842871195,-0.08245302749016413,0.572113027568539
1687105241.507915,-0.942375898361206,0.202987939119339,-0.26593971252441406,0.29520463943481445,-0.2504122853279114,0.04531306028366089,-0.13371652364730835,0.6820625066757202,2.665302038192749,-1.2957475047435527,-0.20440843472751408,0.5981545814825394
1687105241.544658,-0.8943254947662354,0.335694283246994,-0.2957896292209625,0.348854124546051,-0.1945657730102539,0.02258121967315674,-0.06482880562543869,0.6786283254623413,3.0202245712280273,-1.2513811575401892,-0.34234218152523727,0.6370626176255522
1687105241.586379,-0.8198165893554688,0.4759080111980438,-0.3184533417224884,0.4351270794868469,-0.19749611616134644,0.06152606010437012,-0.5243349075317383,0.6677292585372925,3.2698662281036377,-1.2002910010730494,-0.49599616978561256,0.6809306519130787
1687105241.649853,-0.7178649306297302,0.6152077913284302,-0.3258674144744873,0.4444425106048584,-0.0630531907081604,-0.003417074680328369,-0.731997549533844,0.5444419980049133,3.381962537765503,-1.1446709414940748,-0.6626495011927509,0.7278496152538207
1687105241.688487,-0.5910896062850952,0.7413702607154846,-0.3177787959575653,0.44672608375549316,0.00040525197982788086,-0.033966630697250366,-0.6619183421134949,0.41386541724205017,3.5634424686431885,-1.0775112274303307,-0.8351098696499795,0.7876321372835884
1687105241.731884,-0.4447900056838989,0.844190239906311,-0.2991739511489868,0.4540213942527771,0.054995059967041016,0.08869439363479614,-0.9984747767448425,0.4095621109008789,3.445253610610962,-0.978684575787015,-1.0050527591294094,0.8866653813328111
1687105241.7847571,-0.284649521112442,0.9210222959518433,-0.2658812701702118,0.3105587959289551,0.2091658115386963,0.01005256175994873,-0.39333587884902954,0.29555633664131165,3.500370502471924,-0.8194761608597609,-1.1706969356161425,1.0489927156276087
1687105241.85752,-0.1276054084300995,0.964484691619873,-0.2312713861465454,0.38242706656455994,0.108101487159729,0.11690688133239746,-1.3324627876281738,0.30449971556663513,3.025799512863159,-0.5041905118676069,-1.303485433195086,1.365264728156908
1687105241.930639,0.019756054505705833,0.9855484366416931,-0.16823899745941162,0.26865023374557495,0.2483232021331787,-0.024723470211029053,-1.351949691772461,0.16176536679267883,2.770099639892578,0.11689317777430372,-1.4005815799769643,1.9868026934943497
1687105241.946776,0.15419313311576843,0.9841638803482056,-0.08744171261787415,0.3756835162639618,0.08053344488143921,0.10946036875247955,-1.169119119644165,-0.04601050540804863,2.8867573738098145,1.0549253479346326,-1.3925937227118197,2.932779464917879
1687105241.987276,0.30023011565208435,0.9484414458274841,-0.10159146785736084,0.10016044974327087,0.40536415576934814,0.039564624428749084,0.853570818901062,0.2904541790485382,2.7627077102661133,1.24451187435426,-1.248281895387454,3.120645452410447
1687105242.0353289,0.41716936230659485,0.9042021632194519,-0.09158819913864136,0.24223917722702026,0.04971647262573242,0.15244042873382568,-0.23238398134708405,0.40880343317985535,2.438445568084717,1.3546783272790766,-1.1295080601373357,-3.0618182937848992
1687105242.0859919,0.5261578559875488,0.8432172536849976,-0.11019551008939743,0.11300241947174072,0.2855061888694763,0.011532291769981384,0.8103165030479431,0.6012205481529236,2.213107109069824,1.3643459690546527,-1.0032402071464304,-3.081884178638913
1687105242.1480289,0.6203622221946716,0.7776393294334412,-0.10211866348981857,0.17095863819122314,0.22414624691009521,-0.018486633896827698,0.07405956834554672,0.4054884612560272,2.3472788333892822,1.4076480807279477,-0.8909022922089838,-3.062350934993973
1687105242.258991,0.7063450217247009,0.7007676959037781,-0.10000979155302048,0.07192963361740112,0.3769455552101135,0.06236647069454193,0.4613793194293976,0.6158766150474548,2.0855965614318848,1.430143504637368,-0.7764730496393271,-3.0640321097491783
1687105242.2777882,0.7677318453788757,0.6359160542488098,-0.0787336677312851,0.1624593734741211,0.2349947690963745,0.01728671044111252,-0.24451814591884613,0.6059402227401733,1.4550244808197021,1.4685999966175478,-0.6891949439521422,-3.058174780863198
1687105242.309756,0.8140318393707275,0.577734112739563,-0.059795770794153214,0.015115499496459961,0.36435890197753906,0.01894814521074295,0.8697417974472046,0.6605807542800903,1.3739439249038696,1.4974717145820988,-0.6159499064502718,-3.063929417216939
1687105242.367763,0.8490593433380127,0.525422990322113,-0.05504070222377777,0.02922147512435913,0.20419150590896606,-0.05741644650697708,0.41002026200294495,0.5526049137115479,1.0813827514648438,1.5060613979315562,-0.5532121842076019,-3.1049264202546327
1687105242.406691,0.8756570219993591,0.4813583195209503,-0.0389794260263443,-0.00207597017288208,0.3011735677719116,-0.04463857412338257,0.07513335347175598,0.4307694733142853,0.8943555951118469,1.526311204771981,-0.5022037277914468,-3.1120252517390594
1687105242.4567661,0.8927130103111267,0.45007601380348206,-0.022257305681705475,0.011705994606018066,0.3269932270050049,-0.15074670314788818,0.20331476628780365,0.4265153408050537,0.46540114283561707,1.5458692843549549,-0.46685044544047277,-3.1188862268389577
1687105242.526571,0.8995094895362854,0.4366684854030609,-0.01427797693759203,-0.055805087089538574,0.2597428858280182,-0.1451457142829895,0.8020737767219543,0.33829596638679504,0.17579211294651031,1.5549245894048103,-0.4518920869233381,-3.1410540237465936
1687105242.535722,0.9017333984375,0.4315248429775238,-0.025758545845746994,-0.0011748075485229492,0.16524657607078552,-0.06239134073257446,1.1948437690734863,0.23824965953826904,-0.005143981426954269,1.5422385034752424,-0.4461824088626965,3.078646216669605
1687105242.609561,0.8997049927711487,0.4354572594165802,-0.03013618290424347,0.043059349060058594,-0.05423155426979065,-0.0423886775970459,-0.08068180829286575,0.049355316907167435,-0.1101355105638504,1.5373132179404767,-0.4505461727970735,3.05178546494561
1687105242.66356,0.8976385593414307,0.43989503383636475,-0.027165979146957397,0.0049953460693359375,0.03465351462364197,-0.013773206621408463,0.054397717118263245,-0.007383062969893217,-0.08674683421850204,1.5405417324360486,-0.4554817790671914,3.05626193307382
1687105242.687701,0.8951818346977234,0.44485971331596375,-0.027378415688872337,-0.004312634468078613,-0.05624869465827942,0.0006909985095262527,-0.08229381591081619,0.022022340446710587,-0.10143649578094482,1.5402216629788792,-0.4610175998540344,3.056275661166246
1687105242.758724,0.8931705951690674,0.4490346312522888,-0.02478962019085884,0.027514278888702393,-0.03352239727973938,-0.007833540439605713,-0.03223837539553642,0.02626917138695717,-0.06442288309335709,1.5430488199962455,-0.4656846164859343,3.0600329951826315
1687105242.841202,0.8931389451026917,0.44904524087905884,-0.025725072249770164,0.008472621440887451,-0.03808009624481201,-0.016038063913583755,0.06426872313022614,0.00678879301995039,-0.00526681961491704,1.5420012986024285,-0.4656965134211149,3.058600815383607
1687105242.85061,0.8940742611885071,0.44696834683418274,-0.02917165495455265,-0.0012823939323425293,-0.014366239309310913,-0.00928032398223877,0.02740338444709778,0.0015459833666682243,-0.008416340686380863,1.538180122264768,-0.4633734171985754,3.0534749503573835
1687105242.897269,0.8948500752449036,0.4452342987060547,-0.0317789725959301,-0.001127481460571289,0.015840649604797363,-0.001378234475851059,0.1536920815706253,0.014423565939068794,0.01122194156050682,1.5352980637855567,-0.46143590334941353,3.049608490286663
1687105242.940311,0.8950164914131165,0.4446329176425934,-0.03531857952475548,0.004763901233673096,0.025322645902633667,0.01180487871170044,0.0939914658665657,0.03692632168531418,-0.026561321690678596,1.5313554207791982,-0.4607644127043758,3.039113974633336
1687105243.011271,0.8939716815948486,0.44680580496788025,-0.034341901540756226,0.005564451217651367,0.031145364046096802,0.016123060137033463,0.12112534791231155,0.04607665538787842,-0.042964860796928406,1.5324002314738698,-0.4631917538900601,3.035969613553814
1687105243.056294,0.8920397162437439,0.4507843852043152,-0.03254310414195061,-0.012721359729766846,0.01273202896118164,0.011562466621398926,0.016010381281375885,0.08793213963508606,-0.11307630687952042,1.5343308218007898,-0.46764386815255515,3.0303148479423347
1687105243.1313539,0.8894160985946655,0.4562772810459137,-0.02739386260509491,0.0011632442474365234,0.00961950421333313,0.01070094108581543,0.08906222134828568,0.07824338227510452,-0.08650461584329605,1.5400062328649677,-0.4738070893754649,3.0303440298110824
1687105243.146762,0.8875048160552979,0.46010565757751465,-0.02526923455297947,0.009513795375823975,-0.008155375719070435,0.004212256520986557,0.03912848234176636,0.05402838811278343,-0.06421376019716263,1.5423317943213697,-0.4781141889989825,3.0265011435469558
1687105243.2150779,0.8862593770027161,0.4625754654407501,-0.023842621594667435,0.005952596664428711,-0.001256406307220459,0.0018091220408678055,0.05300169065594673,0.029299871996045113,-0.04520544782280922,1.543900283138534,-0.48089796202514956,3.0235945244834346
1687105243.266392,0.8852789402008057,0.46453240513801575,-0.022168343886733055,-0.009943008422851562,0.0002810657024383545,-0.000811280682682991,-0.05815199762582779,0.03820119798183441,-0.06670068204402924,1.5457604748302474,-0.4831065288087031,3.0240313122765032
1687105243.305656,0.8839036226272583,0.4672700762748718,-0.019329173490405083,-0.0015944242477416992,0.004928648471832275,-0.009555580094456673,-0.017859168350696564,0.05298365280032158,-0.06706061214208603,1.5489318455902885,-0.4862004960817525,3.0257887592573596
1687105243.340374,0.882439911365509,0.47011616826057434,-0.017050564289093018,-0.0006955265998840332,-0.004967153072357178,-0.013741491362452507,-0.01097463071346283,0.030715320259332657,-0.052743859589099884,1.5514766625648853,-0.48942239428749407,3.0257836779684855
1687105243.436892,0.8817316889762878,0.47145262360572815,-0.01679109036922455,-0.0030847787857055664,-0.014634877443313599,-0.008034823462367058,0.026013214141130447,0.0027820009272545576,-0.0072870273143053055,1.5517553171757132,-0.49093721799283313,3.0264931544907077
1687105243.4516912,0.8817405104637146,0.4713364839553833,-0.019386427477002144,-0.0017050504684448242,-0.017311125993728638,-0.012473760172724724,0.04057298228144646,-0.005388177931308746,-0.004649565555155277,1.5488133226528713,-0.490805536150324,3.0221697619283483
1687105243.520364,0.8823679089546204,0.4700920581817627,-0.020990503951907158,0.008653879165649414,-0.007598072290420532,0.0017645973712205887,-0.027297144755721092,-0.05154253542423248,0.04577552527189255,1.547011979363591,-0.48939509098516587,3.022372439449473
1687105243.550229,0.8835384249687195,0.46772685647010803,-0.024329382926225662,-0.0007104873657226562,0.01626688241958618,0.0022805891931056976,0.12987570464611053,-0.02458670735359192,0.04748108237981796,1.5432669792500633,-0.48671722094492476,3.0202015999669687
1687105243.590843,0.8844380378723145,0.46588262915611267,-0.026884455233812332,0.0024637579917907715,-0.0024884045124053955,0.008635107427835464,-0.011402866803109646,-0.01859688013792038,0.025773189961910248,1.5404084670282854,-0.4846318582488489,3.015215687405352
1687105243.731122,0.8850336074829102,0.46474727988243103,-0.026941576972603798,-0.00856870412826538,0.020802795886993408,0.00724261999130249,0.0533905103802681,-0.009707869961857796,0.030976206064224243,1.5403644217381782,-0.4833491881032668,3.016067047066772
1687105243.746783,0.8853085041046143,0.46418628096580505,-0.02757727913558483,-0.0011224746704101562,0.01283419132232666,0.010869082063436508,0.013395690359175205,0.0019832076504826546,0.007868955843150616,1.5396564861265818,-0.48271569545544013,3.0131530767399983
1687105243.7505832,0.8851791620254517,0.46450063586235046,-0.026405876502394676,-4.7266483306884766e-05,0.016014009714126587,0.006783248856663704,-0.047291893512010574,-0.003727452829480171,-0.002504189731553197,1.5409740629472044,-0.4830706484711679,3.014085214750904
1687105243.801258,0.8848685026168823,0.4651799499988556,-0.02481599897146225,-0.008449256420135498,0.018920570611953735,0.00467449426651001,0.022446975111961365,0.025119353085756302,-0.01886538602411747,1.5427588319831709,-0.4838378756411573,3.0157038755783674
1687105243.842531,0.8843294382095337,0.4662812650203705,-0.023309441283345222,-0.0013796091079711914,0.00451350212097168,0.00034511275589466095,0.012656928971409798,0.02558041363954544,-0.008592575788497925,1.5444441036760757,-0.48508241904051164,3.015408696353492
