Timestamp,gravityX,gravityY,gravityZ,accelerationX,accelerationY,accelerationZ,rotationRateX,rotationRateY,rotationRateZ,attitudeRoll,attitudePitch,attitudeYaw
1687093118.952786,-0.8229793310165405,0.5170631408691406,0.23526768386363983,-0.009570717811584473,-0.008213043212890625,-0.01975250244140625,0.030859442427754402,-0.05661851912736893,0.009212858974933624,-1.8492428429786403,-0.5434162423821621,2.8465671817463565
1687093119.044485,-0.8235121965408325,0.5165449976921082,0.23454013466835022,-0.01900184154510498,-0.012776076793670654,-0.018445134162902832,0.02786139026284218,0.04134346544742584,-0.04684535041451454,-1.8482548364145464,-0.5428110083661535,2.8489428084711754
1687093119.050621,-0.8256304860115051,0.5149593949317932,0.23054547607898712,-0.0015789270401000977,0.011789202690124512,-0.0021365880966186523,0.02973412536084652,0.05398016422986984,-0.03773201256990433,-1.8430961210762058,-0.5409603094474351,2.8512578689051744
1687093119.1037369,-0.8265612125396729,0.5143877267837524,0.22847749292850494,0.0110856294631958,0.01730477809906006,0.006935149431228638,0.010592854581773281,-0.019561029970645905,0.016075558960437775,-1.8404816028661648,-0.5402935475092269,2.8539686983050614
1687093119.1925201,-0.8250932693481445,0.5161526203155518,0.22979924082756042,-0.0010023713111877441,0.002844572067260742,-0.004808396100997925,-0.009432518854737282,-0.01228554081171751,0.048261988908052444,-1.8424256436933872,-0.5423528412008738,2.852761788354071
1687093119.21172,-0.8240410089492798,0.5175723433494568,0.23038055002689362,-0.01223212480545044,-0.016717910766601562,0.0016903728246688843,-0.041391052305698395,0.028318211436271667,0.018956568092107773,-1.8434100703215266,-0.5440112367878353,2.850457831359933
1687093119.287154,-0.8246740698814392,0.5169153213500977,0.22958989441394806,-0.008715331554412842,-0.01509946584701538,-0.0009063184261322021,-0.016664797440171242,0.03318913280963898,-0.03552345186471939,-1.8423214465472135,-0.5432435439555817,2.8489811159656524
1687093119.375742,-0.8272128105163574,0.5138812065124512,0.22725439071655273,-0.000530540943145752,0.001316368579864502,0.00422137975692749,0.04398636519908905,0.04526909813284874,-0.10043081641197205,-1.8389050001623581,-0.5397030057344349,2.8513404857884868
1687093119.392648,-0.8295097947120667,0.5110322833061218,0.22529911994934082,0.0251426100730896,0.03216540813446045,0.013150006532669067,0.007758785039186478,0.027594363316893578,-0.029242388904094696,-1.8360036303123017,-0.5363853032950213,2.852602622754307
1687093119.494149,-0.8295469880104065,0.5108944177627563,0.2254745364189148,0.003024160861968994,0.017792105674743652,0.01338660717010498,-0.016506273299455643,-0.004501920193433762,0.015277409926056862,-1.836189209432079,-0.5362249023228522,2.853066860494089
1687093119.499279,-0.8281870484352112,0.5123914480209351,0.22707082331180573,-0.003065943717956543,0.011244416236877441,-0.00035572052001953125,0.0019710701890289783,-0.017174173146486282,0.025898363441228867,-1.838398348389219,-0.5379672517795389,2.8515363348346976
1687093119.588532,-0.8275009989738464,0.5131368041038513,0.2278871089220047,-0.005842387676239014,-0.014555931091308594,-0.005719095468521118,-0.016297347843647003,0.029061898589134216,0.007069014012813568,-1.8395268938751717,-0.5388354338233192,2.8500020546152105
1687093119.605726,-0.8282353281974792,0.5127397179603577,0.2261067032814026,-0.004009544849395752,-0.008604645729064941,0.0001659393310546875,0.025646371766924858,0.02896549366414547,-0.023045478388667107,-1.8373004766841077,-0.5383729099125267,2.851496469947561
1687093119.7089791,-0.8288771510124207,0.5120483636856079,0.22532019019126892,-0.011546432971954346,0.01344907283782959,0.005423188209533691,-0.012439360842108727,0.006117434706538916,0.0017203213647007942,-1.8362203531737125,-0.537567798131623,2.851273215461654
1687093119.72732,-0.8287614583969116,0.5120356678962708,0.22577334940433502,-0.004536092281341553,0.018298685550689697,-0.009098559617996216,-0.011074423789978027,-0.00047242443542927504,0.015831347554922104,-1.8367647718788978,-0.5375530639387647,2.8496017838284122
1687093119.796824,-0.8280278444290161,0.512752890586853,0.22683551907539368,-0.004049122333526611,0.009097635746002197,-0.007261529564857483,-0.040532782673835754,0.024408558383584023,0.032692618668079376,-1.8381830690451046,-0.5383882141718398,2.8469484724313108
1687093119.801443,-0.8280393481254578,0.5138886570930481,0.22420816123485565,-0.010736286640167236,0.007382035255432129,-0.01253819465637207,0.026048243045806885,0.06310242414474487,0.004482818767428398,-1.8352256468327555,-0.5397116732287711,2.84770645642628
1687093119.8050609,-0.8289009928703308,0.5142993927001953,0.22004380822181702,0.0045754313468933105,0.016233384609222412,0.003543257713317871,0.0457272045314312,0.08924654126167297,-0.005202565807849169,-1.8302760437368122,-0.5401905382774798,2.848987279245219
1687093119.855665,-0.8294089436531067,0.515216052532196,0.2159469574689865,-0.0022864937782287598,0.01434016227722168,0.016597002744674683,-0.05729358270764351,0.07633846253156662,0.05452042073011398,-1.8255038647645476,-0.5412597147399006,2.849036065922484
1687093119.977861,-0.8277235627174377,0.5176203846931458,0.2166619449853897,-0.00558924674987793,0.026172220706939697,0.015912488102912903,-0.12283451110124588,0.008741047233343124,0.09821783006191254,-1.8268088679093095,-0.5440673881437145,2.843447155840902
1687093120.039293,-0.8244134187698364,0.5214381814002991,0.22010205686092377,0.00440603494644165,0.029083728790283203,-0.022546499967575073,-0.0529957078397274,0.009910574182868004,0.11813640594482422,-1.8316914074006814,-0.5485355511608627,2.83430724823397
1687093120.055387,-0.8217247128486633,0.5257139801979065,0.21998557448387146,0.0033194422721862793,0.010632514953613281,-0.01898154616355896,-0.07184375822544098,0.08164321631193161,0.11677713692188263,-1.8323744082927018,-0.5535542116980235,2.8302700885053764
1687093120.058793,-0.819388747215271,0.5307549238204956,0.2165677696466446,-0.020577192306518555,0.037192463874816895,-0.01818820834159851,-0.1386958211660385,0.12995308637619019,0.18036915361881256,-1.829191658041756,-0.5594910665351109,2.824236523692731
1687093120.089443,-0.8156276941299438,0.5377693176269531,0.21343810856342316,0.0008234977722167969,0.028362274169921875,-0.0192241370677948,-0.12783165276050568,0.14889095723628998,0.2120189666748047,-1.8267427070487223,-0.567789039971692,2.8145853411091206
1687093120.152732,-0.8121538162231445,0.5447795391082764,0.20885705947875977,-0.012034356594085693,-0.0030620694160461426,0.005071163177490234,-0.07964449375867844,0.18161387741565704,0.17768016457557678,-1.8225065143596382,-0.5761262068702324,2.8042929580527036
1687093120.2480788,-0.8098388314247131,0.5503406524658203,0.20318900048732758,-0.02699875831604004,-0.08625996112823486,0.03497013449668884,-0.038558248430490494,0.14282748103141785,0.09359777718782425,-1.8166223705704148,-0.5827721627657261,2.8009694290540326
1687093120.253109,-0.8104338049888611,0.5503918528556824,0.20066334307193756,-0.04927682876586914,-0.16445136070251465,0.06348155438899994,-0.3374040722846985,0.23540881276130676,-0.007921386510133743,-1.8135148278989073,-0.5828334965053681,2.7917524549069355
1687093120.298441,-0.8167943954467773,0.540412962436676,0.20199193060398102,-0.07442569732666016,-0.2200852632522583,0.09283840656280518,-0.6823070049285889,0.4042404294013977,-0.24327051639556885,-1.813230687814649,-0.5709278394897277,2.763387328409905
1687093120.393085,-0.8318383693695068,0.5115883946418762,0.21522673964500427,-0.13648450374603271,-0.44858479499816895,0.20579376816749573,-2.0144197940826416,0.5925940871238708,-0.49327608942985535,-1.823980298151795,-0.537032382275483,2.689140981974727
1687093120.41143,-0.8516401648521423,0.4649156332015991,0.24199682474136353,0.2402968406677246,0.367497056722641,-0.14806365966796875,0.08594314008951187,-0.7426241636276245,-0.8964259624481201,-1.847652701538016,-0.4835393021588816,2.6475251350224815
1687093120.4529982,-0.8561045527458191,0.44032636284828186,0.27055105566978455,-0.06886798143386841,0.29153090715408325,0.013582944869995117,-0.8713544011116028,-0.04562898352742195,-0.14047862589359283,-1.8768899953502747,-0.45596214919162364,2.635016777750992
1687093120.545371,-0.8557397127151489,0.44091635942459106,0.2707439959049225,0.1690179705619812,0.48959508538246155,-0.1602855920791626,0.8530717492103577,-0.019377805292606354,0.21585124731063843,-1.8772174700603963,-0.4566193714647817,2.6307972200375365
1687093120.551043,-0.8484541177749634,0.46390411257743835,0.2547913193702698,-0.01742112636566162,0.03756070137023926,0.0317230224609375,0.14151692390441895,0.1765541434288025,0.514310359954834,-1.8625289089427342,-0.4823971620718344,2.649928480893775
1687093120.60424,-0.8379291296005249,0.4882955551147461,0.24380707740783691,-0.05062049627304077,-0.10420143604278564,0.026715949177742004,0.4895026981830597,-0.044542014598846436,0.368533730506897,-1.8539425902253432,-0.5101355687702301,2.664216153795634
1687093120.695879,-0.8321208953857422,0.5006428360939026,0.23860350251197815,-0.07411390542984009,-0.2396564483642578,0.09062018990516663,-0.10878520458936691,0.1327214539051056,0.12049144506454468,-1.8500453119775517,-0.5243411844475171,2.6681010744389377
1687093120.70196,-0.832456648349762,0.502371609210968,0.23374930024147034,0.05146604776382446,-0.08685952425003052,0.03894054889678955,0.5065734386444092,-0.18704243004322052,-0.11010980606079102,-1.844541681804305,-0.526339419605529,2.6800111217479547
1687093120.754004,-0.831646203994751,0.5029170513153076,0.23545540869235992,-0.027164340019226074,-0.04681652784347534,0.09718623757362366,-0.015229820273816586,-0.21624134480953217,0.00376909039914608,-1.8466955640160145,-0.5269703772178952,2.6997061851727886
1687093120.839716,-0.8250665068626404,0.5078893899917603,0.24761512875556946,0.04752457141876221,0.20545881986618042,0.14645834267139435,0.8164374232292175,-0.7454937100410461,0.142006054520607,-1.862358934813884,-0.5327328741901399,2.7081755207157276
1687093120.8540468,-0.8050916194915771,0.5430828332901001,0.23851269483566284,0.0980452299118042,0.33248162269592285,0.16448719799518585,3.0606586933135986,-1.5168933868408203,0.3519880473613739,-1.8588141394358169,-0.5741042070101285,2.8235736226407275
1687093120.902659,-0.7690200805664062,0.6014570593833923,0.2164659947156906,0.06787872314453125,0.2705368995666504,0.25596141815185547,2.9763076305389404,-1.6586536169052124,0.970369279384613,-1.845179586353981,-0.6453237117646243,2.9885609278230056
1687093121.018682,-0.70328289270401,0.6887423396110535,0.17614558339118958,0.02432781457901001,0.546777069568634,0.2844257354736328,3.654778003692627,-1.9967625141143799,2.025618076324463,-1.8162097026034556,-0.7597529243738069,-3.108392891509902
1687093121.0328588,-0.5945915579795837,0.7961918115615845,0.11197981983423233,-0.15330272912979126,0.438625693321228,0.2743879556655884,2.9683139324188232,-1.9876692295074463,3.05962872505188,-1.7569466058072802,-0.9209747902579237,-2.893138750223814
1687093121.1156921,-0.4443700313568115,0.8929031491279602,0.07251891493797302,-0.2496911585330963,0.21842485666275024,0.2514861822128296,1.2612059116363525,-1.580737829208374,3.520019769668579,-1.7325651709039955,-1.103752401281387,-2.757648391728389
1687093121.121361,-0.2766835391521454,0.9592381119728088,0.05751689523458481,-0.21492406725883484,0.1638696789741516,0.13079190254211426,0.7818943858146667,-1.2759079933166504,3.4291303157806396,-1.7757569303408214,-1.284293822082955,-2.728370609130837
1687093121.235815,-0.11966875940561295,0.9926413893699646,0.018506305292248726,-0.16377846896648407,-0.0473594069480896,0.06553912162780762,1.099698543548584,-0.8458623886108398,2.870302438735962,-1.7242270085508162,-1.4494074061991804,-2.622172866802773
1687093121.2530499,0.013117875903844833,0.9996499419212341,-0.02297603338956833,-0.29096511006355286,-0.08558744192123413,0.13198482990264893,0.9893193244934082,-0.6441748142242432,2.383134365081787,0.5187757333376345,-1.5443351929446147,-0.33855889844704534
1687093121.3612242,0.11990182101726532,0.9893221855163574,-0.08285544067621231,-0.3527051508426666,0.1196865439414978,0.1648561954498291,1.1040645837783813,-0.5439600944519043,2.247525691986084,0.9661176677803174,-1.4245303405364098,0.1343079222451395
1687093121.366256,0.2861854135990143,0.9412966370582581,-0.17904852330684662,-1.5865089893341064,0.9349392056465149,0.4539203643798828,2.601140260696411,0.17412082850933075,3.9634053707122803,1.0117382316270054,-1.2264510064192335,0.20870599073081839
1687093121.446141,0.4731246829032898,0.8686388731002808,-0.14703620970249176,-1.2161208391189575,-0.8819903135299683,0.10386914014816284,-3.359988212585449,0.7513887286186218,4.416774272918701,1.2694820428067868,-1.0524483824491284,0.4653492704442175
1687093121.451544,0.641944944858551,0.7588778138160706,-0.10959542542695999,-0.4958725571632385,-0.41288477182388306,-0.07267075777053833,2.9285151958465576,0.901987612247467,3.4832489490509033,1.4017025689367884,-0.8615881766606727,0.5622481869061167
1687093121.455797,0.6852512955665588,0.721523642539978,-0.0991668775677681,0.1433314085006714,-2.0036587715148926,-0.3413848876953125,-3.103200674057007,-0.03151436522603035,-1.5323913097381592,1.4270779947918413,-0.8060003262295369,0.6201306071634134
1687093121.50146,0.6382923126220703,0.7697446942329407,-0.008726079016923904,0.31243711709976196,0.1582643985748291,-0.2912158966064453,0.14783506095409393,1.095644235610962,-0.769201934337616,1.5571262031335151,-0.8784411421074843,0.6977710854446281
1687093121.596339,0.5871802568435669,0.8085031509399414,0.03927167132496834,0.23845762014389038,-0.017365336418151855,0.31239771842956543,-1.592776894569397,-0.24273978173732758,-1.5732276439666748,1.6375786678722204,-0.941604141457548,0.7702686981616398
1687093121.602247,0.581622302532196,0.8130724430084229,0.025079624727368355,0.1519593596458435,0.5700758695602417,0.07146275043487549,1.6348347663879395,0.19957411289215088,0.8774443864822388,1.6138897550333204,-0.9494104274732702,0.7416377269396781
1687093121.655194,0.5805051922798157,0.8141165375709534,-0.015103090554475784,-0.027068912982940674,-0.46511757373809814,0.06528925895690918,-0.8404840230941772,-1.1830140352249146,-0.6851992011070251,1.544785043727269,-0.9512061796230353,0.7088138624755062
1687093121.744357,0.5653545260429382,0.8246500492095947,-0.018074672669172287,-0.20848196744918823,0.05872702598571777,-0.10407191514968872,0.3260856866836548,0.546076238155365,-0.2467760443687439,1.5388367041918964,-0.9695832172251903,0.7099273537503648
1687093121.76431,0.5446246266365051,0.8385627865791321,-0.014018545858561993,0.03998541831970215,0.045424699783325195,0.05582767724990845,0.23563408851623535,-0.2753632366657257,-0.4939306974411011,1.5450621778489544,-0.9946398255190001,0.7117794460979981
1687093121.802119,0.5357293486595154,0.8442052602767944,-0.017652364447712898,0.05852419137954712,-0.019421935081481934,0.08816325664520264,-0.3219147026538849,0.12598830461502075,-0.16301190853118896,1.5378580930057169,-1.005080734891036,0.7024549202289141
1687093121.89814,0.53190016746521,0.8462549448013306,-0.030568961054086685,-0.02442348003387451,0.08608746528625488,0.07526195049285889,0.3972010910511017,-0.1181066483259201,0.002659352496266365,1.5133882433927603,-1.0089162507222453,0.6794001684727192
1687093121.903027,0.5255659222602844,0.8501930236816406,-0.03086085617542267,0.02590203285217285,-0.0088387131690979,-0.01050567626953125,-0.16466917097568512,-0.3336709141731262,-0.19910545647144318,1.5121443869321312,-1.0163518053299534,0.6935010806371453
1687093121.950714,0.5190796852111816,0.8538029789924622,-0.03970995172858238,0.01252138614654541,-0.07630658149719238,-0.03269297257065773,-0.07626794278621674,-0.11471138149499893,-0.14035212993621826,1.494444354420102,-1.023247126086008,0.684490274328584
1687093122.044065,0.5139772891998291,0.857463538646698,-0.02415391243994236,-0.022857964038848877,0.09897249937057495,-0.0745398998260498,-0.11961102485656738,0.16038702428340912,-0.014175288379192352,1.5238367520264045,-1.030319753096384,0.719115023678778
1687093122.050068,0.5153977870941162,0.8566152453422546,-0.023990390822291374,-0.025346457958221436,-0.029451608657836914,0.04787039756774902,-0.17687270045280457,-0.02847982384264469,0.0014942195266485214,1.5242825688261308,-1.0286733145280438,0.7156077297135547
1687093122.1043901,0.5159966349601746,0.8563889861106873,-0.018579833209514618,-0.01932305097579956,0.020457208156585693,-0.017385123297572136,0.03612824156880379,-0.05195266008377075,0.019818097352981567,1.5348042141470233,-1.028235011248622,0.7302735244350786
1687093122.193367,0.5150692462921143,0.856919527053833,-0.019817890599370003,-0.023476779460906982,-0.020173311233520508,0.01751387119293213,-0.005165801849216223,-0.07950146496295929,-0.020629990845918655,1.5323391283320251,-1.0292633512084284,0.7318765453774823
1687093122.213615,0.5110463500022888,0.8593904376029968,-0.016721107065677643,0.04899686574935913,-0.0843050479888916,0.010953309014439583,-0.24806725978851318,0.009786603972315788,-0.17585952579975128,1.5380886433082743,-1.0340763153990655,0.7385638690896742
1687093122.253237,0.5051606297492981,0.8629299998283386,-0.012820941396057606,0.004192948341369629,0.09358233213424683,0.03277945518493652,0.08367358893156052,-0.09935066848993301,-0.022779960185289383,1.5454218446199233,-1.0410395887738542,0.7520600932968794
1687093122.3422399,0.5057618021965027,0.8625327944755554,-0.015566956251859665,0.035681068897247314,-0.0009757876396179199,0.007342517375946045,-0.18341343104839325,-0.2122832089662552,-0.025991734117269516,1.5400268169951903,-1.0402540213293061,0.7523243449127631
1687093122.358789,0.5063176155090332,0.8621368408203125,-0.019044259563088417,-0.028931081295013428,0.039031982421875,0.005921721458435059,0.13282735645771027,-0.12932094931602478,0.07447628676891327,1.5332007834829386,-1.039472008822466,0.7541713228777758
1687093122.403109,0.5084168314933777,0.8608266115188599,-0.022128893062472343,-0.022256553173065186,-0.010576426982879639,-0.023983120918273926,-0.10776108503341675,-0.11838747560977936,0.03552675619721413,1.527298677996911,-1.0368917581935837,0.7553594673267682
1687093122.499034,0.5097160339355469,0.8599621653556824,-0.025587614625692368,-0.0239371657371521,0.012138724327087402,-0.03219741955399513,0.12948521971702576,0.0027358857914805412,0.057053081691265106,1.5206386895301671,-1.0351955306630416,0.7503521675912788
1687093122.504027,0.5082753896713257,0.8609211444854736,-0.02170117013156414,-0.03465777635574341,-0.04617816209793091,-0.015164017677307129,-0.30562734603881836,0.03924676030874252,-0.07462771236896515,1.5281265499638805,-1.0370776101700994,0.7586011556736737
1687093122.553115,0.5046188235282898,0.8631299138069153,-0.01914200559258461,-0.00672459602355957,0.009123384952545166,0.012992741540074348,0.11078416556119919,0.05676090344786644,-0.06236279010772705,1.5328809156391219,-1.0414352512583118,0.7604945930242851
1687093122.639841,0.49945515394210815,0.8662586808204651,-0.011861499398946762,0.013392835855484009,0.0005626678466796875,0.033132314682006836,-0.26401567459106445,0.051502492278814316,-0.120309978723526,1.5470519122887583,-1.0476643438590778,0.7740660994184013
1687093122.657922,0.4978269040584564,0.86716228723526,-0.014066671952605247,0.04501980543136597,0.00039136409759521484,0.04205131530761719,0.024304138496518135,-0.0015727095305919647,0.013887772336602211,1.5425476940389884,-1.0494758437360792,0.7670470815588092
1687093122.702153,0.4976955056190491,0.8672968149185181,-0.009772872552275658,0.035080403089523315,0.046201109886169434,-0.003914237022399902,0.04822545126080513,-0.02428441308438778,0.008156649768352509,1.5511626012350677,-1.0497460370703227,0.7780490795300119
1687093122.824465,0.4981004297733307,0.8670383095741272,-0.011865987442433834,0.0288466215133667,-0.05759000778198242,0.000986514613032341,-0.0562799870967865,-0.02787422016263008,-0.050057388842105865,1.5469783530840648,-1.0492269571194484,0.7735643161177789
1687093122.8430839,0.49560996890068054,0.8684937357902527,-0.00945176463574171,0.02395176887512207,0.009512186050415039,-0.003579198382794857,0.022146446630358696,0.013641662895679474,-0.059199489653110504,1.5517276642819615,-1.0521554780387976,0.7794746453561437
1687093122.913152,0.4945894479751587,0.8690773844718933,-0.009261746890842915,0.07598245143890381,-0.03666466474533081,0.002288520336151123,-0.1738528162240982,-0.0393977165222168,-0.060948919504880905,1.5520723842761968,-1.053334145838653,0.7810717630514793
1687093122.91711,0.49331364035606384,0.8698505163192749,0.001274189678952098,0.11603078246116638,-0.028114795684814453,-0.0342332124710083,-0.08632709830999374,0.06657291948795319,-0.06502781808376312,1.5733792410390206,-1.054899174107285,0.8032126284295718
1687093123.0356832,0.4892483353614807,0.8721444010734558,0.000381792604457587,0.23540684580802917,-0.08282256126403809,-0.012039542198181152,-0.17643648386001587,0.20699447393417358,-0.1289660632610321,1.5715766923239909,-1.0595684380915533,0.7983257672980946
1687093123.054775,0.4752209484577179,0.8798655867576599,-0.0012659977655857801,0.5368945598602295,-0.05689805746078491,-0.0879521369934082,0.9999427199363708,-0.5111109018325806,-0.5661340355873108,1.568132313928855,-1.075579237588436,0.795379996592368
1687093123.122563,0.4522463083267212,0.8902548551559448,-0.05403370037674904,0.3090299963951111,-0.16021335124969482,0.15693897008895874,-0.5467211008071899,0.3943696916103363,-0.6097393035888672,1.4518815472940132,-1.0979044036767838,0.671634275025673
1687093123.138741,0.3925849497318268,0.919665515422821,-0.00961597915738821,0.5902795195579529,0.0013703107833862305,-0.29880988597869873,1.4535998106002808,0.7413662672042847,-1.7203648090362549,1.546307214046784,-1.1672279344557124,0.7403839963202014
1687093123.249525,0.2671349048614502,0.9623211026191711,-0.05076504498720169,-0.2806389033794403,-0.11469537019729614,0.09593111276626587,-1.6080684661865234,-0.08215995877981186,-3.667670726776123,1.3830003617591091,-1.2954133348684531,0.5483620265762926
1687093123.2547321,0.15459996461868286,0.9879758358001709,0.0015594350406900048,-1.2888009548187256,0.720565915107727,0.15394294261932373,0.8989974856376648,2.6591742038726807,-1.605769395828247,1.5808828889002424,-1.4155651078764973,0.676067348147661
1687093123.304563,0.127800852060318,0.9900904893875122,0.05820349231362343,-0.1603325754404068,-0.19982266426086426,0.20449185371398926,-1.9007887840270996,1.3973382711410522,0.6874539256095886,1.9981511458923298,-1.4298999148142577,0.9760631401095967
1687093123.318394,0.1450236439704895,0.9894002079963684,-0.007438891101628542,-0.06087140738964081,-0.051152586936950684,-0.02033209800720215,2.447377920150757,-1.2860829830169678,0.19616809487342834,1.5195469081926236,-1.4250667057959963,0.50232041173646
1687093123.321549,0.1575729101896286,0.9870914220809937,0.028653359040617943,-0.2814894914627075,-0.3606114983558655,-0.07758831977844238,-1.7519663572311401,1.4499534368515015,0.1078275814652443,1.750672791806201,-1.409945704747539,0.7237733851138134
1687093123.3625112,0.16167941689491272,0.9866903424263,0.0173790380358696,-0.04438507556915283,-0.06898093223571777,-0.059630632400512695,0.8510398864746094,-0.44012290239334106,0.05779610574245453,1.6778759108607444,-1.4074605948239376,0.6492088407461306
1687093123.423806,0.1569744050502777,0.987552285194397,0.009963490068912506,-0.022315606474876404,-0.0066716670989990234,0.09414732456207275,0.12484106421470642,0.262626051902771,-0.13612249493598938,1.6341833650062665,-1.412849434984378,0.5917967759238143
1687093123.483089,0.15214687585830688,0.988308846950531,0.009840303100645542,0.004545614123344421,-0.02523517608642578,0.12017989158630371,0.08849231153726578,-0.05641838163137436,-0.08501910418272018,1.6353827102687895,-1.417734051614466,0.5937155323486053
1687093123.575372,0.14828802645206451,0.9889101386070251,-0.008235043846070766,-0.01764221489429474,-0.053576767444610596,0.03513634204864502,0.06868764758110046,-0.15083396434783936,-0.10052322596311569,1.5153191955334453,-1.4217295733375706,0.48510521180664157
1687093123.6698232,0.14250506460666656,0.9897846579551697,0.004309492185711861,0.01665937900543213,0.11579090356826782,0.004510164260864258,-0.11920755356550217,-0.06346816569566727,-0.03770831227302551,1.6010280895265014,-1.4277382708785864,0.5699945227531558
1687093123.687706,0.14300833642482758,0.989721417427063,0.0001253749505849555,0.0035065561532974243,0.058099567890167236,-0.04223966598510742,0.26652422547340393,-0.14737172424793243,0.009014720097184181,1.571673023422255,-1.427295416082731,0.5484728136665161
1687093123.8129802,0.1431281417608261,0.9896975755691528,-0.003621103474870324,-0.018982619047164917,0.00015527009963989258,0.014348030090332031,-0.2841000556945801,-0.09300435334444046,0.060601212084293365,1.5455019909586998,-1.4271290181786018,0.5289537356216433
1687093123.8190122,0.15156297385692596,0.9884181618690491,0.007633152883499861,-0.08645372092723846,-0.005904734134674072,-0.036014437675476074,-0.20064795017242432,-0.4212838411331177,0.2864125072956085,1.6211167234110029,-1.4184529841816376,0.6164311096699113
1687093123.9133449,0.17080415785312653,0.985211193561554,0.013588611036539078,-0.22605621814727783,-0.157254159450531,-0.056191086769104004,-0.3530290126800537,-0.3802124261856079,0.48818904161453247,1.6501857945403509,-1.3986023759830153,0.6695185582196931
1687093123.918402,0.1992902308702469,0.9785848259925842,0.05152459815144539,-0.2785749137401581,-0.07476115226745605,0.008594982326030731,-1.292219877243042,-0.844237744808197,0.7248290181159973,1.8237968248264187,-1.3634703668160448,0.87405925882624
1687093123.922548,0.2564616799354553,0.9628236889839172,0.08484118431806564,-0.48349717259407043,0.06242954730987549,0.019849419593811035,-0.04565364122390747,-0.9950407147407532,1.2570884227752686,1.8902780363191676,-1.297267638161335,0.9946465948874367
1687093123.992877,0.31607335805892944,0.9466714262962341,0.06253547966480255,-0.30876439809799194,-0.11326700448989868,0.16404235363006592,-0.4434874355792999,-1.6047980785369873,1.0788204669952393,1.766124834925495,-1.2427433089365654,0.928212206352244
1687093124.00825,0.37567827105522156,0.9228155016899109,0.08530694246292114,-0.5774452686309814,0.23077934980392456,0.050465814769268036,-0.8482563495635986,-1.4969978332519531,1.2801432609558105,1.7940843848027088,-1.1753261348103567,1.0475741090996085
1687093124.0490022,0.4324007034301758,0.8961570262908936,0.0996585339307785,-0.35520651936531067,0.16577816009521484,0.2575955092906952,-1.56935453414917,-0.5328284502029419,0.9438732266426086,1.7973179637752088,-1.1110318494481193,1.1008324344127398
1687093124.1433458,0.46673861145973206,0.8704575896263123,0.15639379620552063,0.03689312934875488,0.2666427493095398,-0.22672148048877716,0.01323750615119934,0.4030144512653351,0.6151711940765381,1.894116180709992,-1.0561311641323874,1.2308778489309227
1687093124.162499,0.49190661311149597,0.847752571105957,0.19835078716278076,1.5877289772033691,-0.7443287372589111,0.18849000334739685,-2.2678401470184326,-0.18281039595603943,-0.2323978990316391,1.9540828327365063,-1.0117335259279938,1.2288190413622693
1687093124.20171,0.4667518436908722,0.8446874022483826,0.2620037794113159,0.8767693042755127,0.2816096544265747,-0.37470516562461853,0.738605260848999,-1.2339167594909668,0.10440835356712341,2.082299777979452,-1.0059809182186625,1.4000325616853528
1687093124.353417,0.5005412101745605,0.8439009785652161,0.19310571253299713,0.2480093240737915,-0.1630384922027588,-0.32385823130607605,0.5765981674194336,-0.9215112328529358,0.19911035895347595,1.9389963473214793,-1.0045133529325798,1.3081371822497194
1687093124.37283,0.5085663795471191,0.8491412997245789,0.14254535734653473,-0.018118441104888916,-0.022267580032348633,-0.18096698820590973,0.1718018501996994,-0.7370416522026062,-0.10354191809892654,1.8440726252310653,-1.0143573248391862,1.2541558323292679
1687093124.41371,0.5053210258483887,0.8429913520812988,0.18443496525287628,-0.33286619186401367,0.025737226009368896,-0.015886425971984863,-1.1193450689315796,0.5817036628723145,-0.06564274430274963,1.9207585659232913,-1.0028200844971327,1.348122802375066
1687093124.417293,0.49935370683670044,0.8465855717658997,0.18422473967075348,-0.11399298906326294,-0.017438232898712158,-0.0013939142227172852,0.7988422513008118,0.43788495659828186,-0.046263717114925385,1.9242315551629225,-1.0095370918816846,1.3198344726660283
1687093124.436005,0.4756099581718445,0.8533753752708435,0.2134137749671936,-0.09899255633354187,-0.37867456674575806,-0.12041142582893372,-1.64315664768219,0.5728122591972351,-0.8908886909484863,1.9925819323819398,-1.0224263381256837,1.370974044409727
1687093124.472439,0.41714373230934143,0.853978157043457,0.31098631024360657,-0.18899428844451904,-0.1250811219215393,-0.18546748161315918,-1.4547996520996094,1.2077503204345703,-1.247162103652954,2.211419922979332,-1.0235837383505642,1.5780547163297423
1687093124.5960212,0.3314041197299957,0.8612175583839417,0.38532549142837524,-0.18282926082611084,-0.16498959064483643,-0.22277355194091797,-1.1585986614227295,1.7409015893936157,-1.5117137432098389,2.431285527127286,-1.0376604753581924,1.747881733980746
1687093124.6015658,0.21424195170402527,0.8527618050575256,0.4763377010822296,-0.18732541799545288,-0.2652984857559204,-0.03451943397521973,-1.547822117805481,2.554527997970581,-1.730717658996582,2.718930820541845,-1.0212504831949942,1.9560149978425798
1687093124.651692,0.0695052295923233,0.8357331156730652,0.544719398021698,-0.10653827339410782,-0.04735720157623291,-0.0779072642326355,-0.8435987830162048,2.873372793197632,-1.713022232055664,3.0146802339110725,-0.9894664458399184,2.1433213149743264
1687093124.7754068,-0.07942329347133636,0.7927823662757874,0.6043081879615784,-0.13247551023960114,-0.0464443564414978,0.1295175552368164,-1.9671710729599,3.033034086227417,-1.4824483394622803,-3.010913190276801,-0.9153605501337796,2.2792596764792328
1687093124.793642,-0.2352362722158432,0.745831310749054,0.6232169270515442,0.0019294172525405884,0.134158194065094,-0.09848248958587646,-0.2153344750404358,3.2446107864379883,-1.4146292209625244,-2.7806714956417715,-0.8417819635005855,2.3685917593228747
1687093124.859943,-0.3793903589248657,0.7054951786994934,0.5986143350601196,-0.09637859463691711,-0.02522796392440796,0.15106511116027832,-0.6731534600257874,2.965282917022705,-1.5147762298583984,-2.576703846443535,-0.7831215777459656,2.4456224502032473
1687093124.86368,-0.5184696316719055,0.6766543388366699,0.5228081941604614,-0.13054776191711426,0.19080781936645508,0.0032996535301208496,1.041165828704834,3.041006565093994,-1.566972017288208,-2.3603610447718735,-0.7432092431381461,2.5342889070389347
1687093124.9559588,-0.6410672068595886,0.6469129920005798,0.4129607379436493,-0.30107152462005615,-0.04152047634124756,0.1663087010383606,0.059851013123989105,3.197272300720215,-1.5186951160430908,-2.143067154287731,-0.7035292207426547,2.6326734856280636
1687093124.975105,-0.7431321144104004,0.5972303748130798,0.3017791509628296,-0.2530684471130371,0.1684861183166504,0.1565643548965454,0.14285194873809814,3.1006531715393066,-1.3195409774780273,-1.9565424098096216,-0.6400435669623523,2.669076038311339
1687093125.072777,-0.8104654550552368,0.5533689260482788,0.19216856360435486,-0.20436614751815796,0.06473410129547119,0.19787660241127014,-0.02778136357665062,2.472712516784668,-0.955079972743988,-1.8036058535203738,-0.5864035027463191,2.701031904893797
1687093125.089849,-0.847735583782196,0.5199320316314697,0.10495398193597794,0.006365835666656494,0.2906911373138428,0.3948934078216553,-0.22391566634178162,1.590330719947815,-0.6794699430465698,-1.6939746266682103,-0.5467714010177109,2.703354392338643
1687093125.16322,-0.8620869517326355,0.5018108487129211,0.07065470516681671,-0.008335411548614502,0.25751227140426636,0.18782925605773926,-0.5265231728553772,0.8281614780426025,-0.1516769528388977,-1.652571303837571,-0.525691010530851,2.6821390771957314
1687093125.167043,-0.8659238219261169,0.49790674448013306,0.04758693277835846,0.19650566577911377,0.1831234097480774,0.29996252059936523,0.15988506376743317,0.3183785378932953,0.023064758628606796,-1.6256962067363752,-0.5211833747320577,2.6710236786034414
1687093125.254664,-0.8634018898010254,0.5025423765182495,0.04458855837583542,0.03892385959625244,0.024282515048980713,0.2606024742126465,-0.20224298536777496,-0.1051824614405632,0.1698688566684723,-1.6223933668820933,-0.5265369258321773,2.668066418488528
1687093125.273165,-0.8584339022636414,0.5091261267662048,0.06230165809392929,-0.014094054698944092,-0.033921778202056885,0.1787109375,-0.1524590402841568,-0.4945280849933624,0.14230912923812866,-1.6432452551262118,-0.5341691675192233,2.660502139277723
1687093125.341821,-0.8535088300704956,0.5146118998527527,0.08183802664279938,0.018929243087768555,0.07254630327224731,-0.03142296522855759,0.722104549407959,-0.677200973033905,0.036470577120780945,-1.6663883085822,-0.540554970535377,2.6727573735784746
1687093125.3577929,-0.8500185012817383,0.5185410380363464,0.09264831244945526,-0.03404521942138672,-0.11898970603942871,0.02615666389465332,0.13945628702640533,-0.46771642565727234,0.07101603597402573,-1.679363399456214,-0.5451437927986571,2.7042547512304633
1687093125.427762,-0.8465734124183655,0.5215214490890503,0.10643716156482697,-0.01716560125350952,0.004464209079742432,-0.0788949728012085,0.29561465978622437,-0.4763694703578949,0.0014191176742315292,-1.6958671058761394,-0.5486331417356545,2.71462501877099
1687093125.431428,-0.8437845706939697,0.523154616355896,0.1197371855378151,-0.08259177207946777,-0.020743727684020996,-0.09193563461303711,0.10373411327600479,-0.22426383197307587,-0.0024009207263588905,-1.7117600778173216,-0.5505483099968149,2.7198970881652764
1687093125.522552,-0.8435178399085999,0.5230023860931396,0.12225481867790222,0.0004544854164123535,-0.040275394916534424,-0.03642404079437256,0.059120506048202515,-0.166248619556427,-0.019290687516331673,-1.7147285730774444,-0.5503697260185162,2.7346447575198933
1687093125.619111,-0.8430043458938599,0.5227386355400085,0.12683817744255066,-0.011503100395202637,0.01237177848815918,-0.06000471115112305,-0.051371846348047256,0.031112000346183777,-0.0017223469913005829,-1.720135835143128,-0.55006032286444,2.7297661053327937
1687093125.624671,-0.8445337414741516,0.5215753316879272,0.12133346498012543,0.004781603813171387,0.0012974739074707031,-0.015666373074054718,0.08795321732759476,0.08998583257198334,-0.04601630941033363,-1.7134890758285513,-0.5486963058982428,2.7340279249187582
1687093125.7056189,-0.8457018733024597,0.5208176374435425,0.11634935438632965,-0.011674165725708008,0.03147411346435547,-0.004120953381061554,-0.16168422996997833,0.16200263798236847,0.007966499775648117,-1.7075153218266461,-0.5478084930375373,2.7308881303443546
1687093125.723381,-0.8470790982246399,0.5200443267822266,0.10959554463624954,-0.005002260208129883,0.025960981845855713,0.02965618669986725,0.1399906575679779,0.11649853736162186,-0.05490061268210411,-1.6994621080768861,-0.5469028131759017,2.732267557433177
1687093125.7921371,-0.8480406403541565,0.5200369358062744,0.10192328691482544,0.019183337688446045,0.01809471845626831,0.018041357398033142,0.22579264640808105,0.054621852934360504,-0.03737488389015198,-1.690409395057912,-0.5468941720028847,2.7416795429489564
1687093125.808929,-0.8484264016151428,0.5201000571250916,0.09832931309938431,-0.012520253658294678,-0.030262410640716553,0.07011246681213379,0.03396075963973999,0.07102586328983307,-0.02120470255613327,-1.6861776687487424,-0.5469680832133591,2.750272605014268
1687093125.848819,-0.8490116596221924,0.5194326043128967,0.09679336845874786,0.002469360828399658,-0.030754685401916504,0.013375155627727509,0.05334564298391342,-0.014038699679076672,-0.049096252769231796,-1.6843133171135978,-0.5461868055412656,2.7546973069060345
1687093125.94167,-0.8501542806625366,0.5160468816757202,0.10456271469593048,-0.01695692539215088,-0.02634662389755249,0.04117405414581299,-0.363031804561615,0.03793834522366524,-0.018156182020902634,-1.6931743527541443,-0.5422294222248312,2.744768326268868
1687093125.957536,-0.8510666489601135,0.5127836465835571,0.11286464333534241,0.022285521030426025,0.013156235218048096,0.01344764232635498,-0.19188588857650757,-0.043843597173690796,-0.00886467844247818,-1.7026425103043388,-0.5384240591640853,2.7250670739137597
1687093126.000032,-0.8509822487831116,0.510277509689331,0.12428244203329086,0.018966257572174072,-0.011849164962768555,-0.015929698944091797,-0.33944910764694214,-0.18599700927734375,0.028034750372171402,-1.715816921920415,-0.5355074091181597,2.717496899119926
1687093126.12357,-0.8493645191192627,0.5102153420448303,0.13513164222240448,-0.008377909660339355,0.07466936111450195,0.029693856835365295,0.002709365217015147,-0.00482496153563261,0.02910693734884262,-1.7285713475334938,-0.5354351422907949,2.69909870524519
1687093126.141926,-0.8512709736824036,0.5095173120498657,0.12541864812374115,0.03777921199798584,-0.008128821849822998,-0.04238034784793854,0.29502207040786743,-0.02921712026000023,-0.08643829822540283,-1.7170750366410132,-0.5346237087066728,2.7238415958551143
1687093126.213718,-0.8503601551055908,0.5099611878395081,0.12971913814544678,-0.009304642677307129,0.08134734630584717,0.002894982695579529,-0.21715296804904938,-0.038206085562705994,0.06767510622739792,-1.722175418908324,-0.5351396508976792,2.712006074989027
1687093126.2176719,-0.847924530506134,0.5124312043190002,0.13578782975673676,-0.04405850172042847,-0.02578270435333252,-0.01057422161102295,-0.13278615474700928,-0.07266206294298172,0.08231370151042938,-1.729589459867437,-0.5380135850688862,2.7090717412260585
1687093126.338037,-0.8465943932533264,0.5138463377952576,0.13870885968208313,0.027426183223724365,0.005913794040679932,-0.005240187048912048,0.03034685179591179,0.036626074463129044,-0.001963629387319088,-1.7331967440698608,-0.5396623248282781,2.7014463686498424
1687093126.356279,-0.8473048806190491,0.5135364532470703,0.13547898828983307,-0.010681450366973877,-0.022539258003234863,0.02122877538204193,0.006915494799613953,0.008727732114493847,0.00937078520655632,-1.7293482599372823,-0.5393011447978983,2.7056942423348023
1687093126.420625,-0.8465006351470947,0.5141193270683289,0.13826756179332733,-0.005016028881072998,0.006342589855194092,-0.006797805428504944,-0.043000731617212296,-0.0382915735244751,0.021138492971658707,-1.7327066866340632,-0.5399805738535646,2.7025064263214893
1687093126.436733,-0.8465771675109863,0.5138950943946838,0.13863275945186615,0.013508260250091553,0.010091781616210938,-0.00961969792842865,0.12741075456142426,-0.03314301744103432,-0.02649986371397972,-1.733112445690406,-0.5397191336643471,2.707941541396648
1687093126.513053,-0.8465907573699951,0.5142655968666077,0.13716694712638855,-0.007672488689422607,0.02353036403656006,0.005166992545127869,-0.04859330505132675,0.021078407764434814,0.021623190492391586,-1.7314232110049872,-0.5401510799493088,2.7078587424499965
1687093126.5287728,-0.8457931876182556,0.5157579183578491,0.13648229837417603,-0.004304349422454834,0.0043225884437561035,0.008445724844932556,0.06737551093101501,-0.06929116696119308,0.013179637491703033,-1.7307832427984613,-0.5418920453356267,2.71110160059662
1687093126.597636,-0.8446052670478821,0.5169916749000549,0.13914604485034943,0.01449662446975708,-0.003975987434387207,0.009276270866394043,3.202259540557861e-05,-0.07341694086790085,0.014637451618909836,-1.7340764884503752,-0.5433327956205711,2.7108715633587206
1687093126.60115,-0.8436985611915588,0.5177850127220154,0.14167383313179016,-0.010900437831878662,0.01154237985610962,-0.00010275840759277344,0.06555750221014023,-0.0629240870475769,0.0016643954440951347,-1.7371641768946628,-0.5442598226785631,2.7128638584915596
1687093126.69626,-0.8430885076522827,0.517756998538971,0.14535988867282867,-0.008733391761779785,-0.004664957523345947,-0.0070694684982299805,-0.054930560290813446,-0.05187436193227768,-0.002461640164256096,-1.7415313136726476,-0.5442270571229565,2.711286392126152
1687093126.714501,-0.8426895141601562,0.517700731754303,0.14785262942314148,0.0033035874366760254,-0.011826097965240479,-0.012049317359924316,-0.06572089344263077,-0.04061771184206009,0.021067652851343155,-1.7444817474355019,-0.5441613160083064,2.71135817084884
1687093126.752335,-0.842443585395813,0.5176815390586853,0.14931456744670868,-0.015298843383789062,0.0031772851943969727,-0.021613702178001404,-0.027435552328824997,-0.0017507417360320687,-0.003972717560827732,-1.7462144533893853,-0.5441388667289961,2.7076813893726515
1687093126.844657,-0.8428253531455994,0.5172172784805298,0.14876782894134521,-0.0030762553215026855,-0.00401836633682251,0.01985706388950348,-0.057253506034612656,-0.013025233522057533,-0.005431597586721182,-1.745507575522087,-0.5435963312551031,2.7077960755647754
1687093126.86218,-0.842546284198761,0.5168201923370361,0.15169934928417206,0.011201679706573486,0.023462951183319092,0.025302648544311523,-0.06807439774274826,-0.07723312079906464,0.011703180149197578,-1.7489364179879197,-0.5431324692197766,2.7030138989110446
1687093126.901719,-0.8405870795249939,0.517507791519165,0.15999670326709747,0.010524272918701172,0.023172080516815186,0.0783456563949585,-0.11181262135505676,-0.2233414500951767,0.04100887104868889,-1.7588856618502096,-0.5439358433251894,2.6983563636417394
1687093126.994348,-0.8363775610923767,0.5179954171180725,0.17931292951107025,0.013501644134521484,0.00037604570388793945,0.09581826627254486,-0.3756907284259796,-0.3818943500518799,0.0965762585401535,-1.7819915806832587,-0.5445058080865144,2.6825136433856
1687093127.010258,-0.8271238207817078,0.5208535194396973,0.21113385260105133,0.029470741748809814,0.058690428733825684,0.12912186980247498,-0.11602680385112762,-0.8427634239196777,0.1676991730928421,-1.8207219332504376,-0.5478505178807608,2.6664723238371653
1687093127.140974,-0.810408890247345,0.5270432829856873,0.2558578550815582,0.00881880521774292,0.05213463306427002,0.12227025628089905,-0.33439216017723083,-1.019112467765808,0.23955631256103516,-1.8766070300005133,-0.5551176275973375,2.6489605431919987
1687093127.154535,-0.7876134514808655,0.5340521931648254,0.30733245611190796,0.013992905616760254,0.07660454511642456,0.07406103610992432,-0.05415837839245796,-1.259799599647522,0.26239079236984253,-1.9428322359620807,-0.563386255304577,2.6315720162076968
1687093127.237142,-0.7564984560012817,0.5479202270507812,0.3570624887943268,-0.014451920986175537,0.09059906005859375,0.1166466772556305,0.4732152223587036,-1.5697228908538818,0.36362579464912415,-2.0117889081054656,-0.5798760256887328,2.631801303418381
1687093127.242342,-0.7104120254516602,0.5848984718322754,0.3914181888103485,-0.022925257682800293,0.20808541774749756,0.08016985654830933,1.569235920906067,-1.957168459892273,0.5687547326087952,-2.0743866281044303,-0.624754870699619,2.677891863372868
1687093127.3271441,-0.646456778049469,0.6424359083175659,0.41154539585113525,-0.04487311840057373,0.1315508484840393,0.23750245571136475,1.7689465284347534,-2.239779233932495,0.9100947380065918,-2.1377058763234196,-0.6976727008092523,2.743598166349332
1687093127.34445,-0.5532546043395996,0.7271024584770203,0.40648671984672546,-0.12400668859481812,0.30954909324645996,0.1622694730758667,2.913653612136841,-2.7247707843780518,1.5462090969085693,-2.204445674658101,-0.8140919224597258,2.8310718240545656
1687093127.445554,-0.4289243519306183,0.8251063227653503,0.36772799491882324,-0.1116182804107666,0.16166436672210693,0.2771698832511902,2.5428805351257324,-2.6266701221466064,2.1383514404296875,-2.27952816250179,-0.9703903951956926,2.905757876133916
1687093127.464416,-0.27775299549102783,0.9158543348312378,0.28993815183639526,-0.2561977803707123,0.29540354013442993,0.131036639213562,3.2194268703460693,-2.4863550662994385,2.7934272289276123,-2.3776556067660524,-1.1576306351018069,2.9429782889174727
1687093127.4679918,-0.11422599107027054,0.9783851504325867,0.17238135635852814,-0.28514230251312256,-0.01212221384048462,0.23128999769687653,2.4121925830841064,-1.9027152061462402,2.933737277984619,-2.5563861133923473,-1.362502315281974,2.8688600676678635
1687093127.536985,0.05237741395831108,0.9959739446640015,0.07274965196847916,-0.5005280375480652,0.10471874475479126,0.10376405715942383,1.8742560148239136,-1.3326743841171265,3.5611822605133057,2.5175907427162274,-1.4810325917169,1.7332487364201834
1687093127.540804,0.23361563682556152,0.9697842001914978,-0.07030119746923447,-0.6284520626068115,0.09317350387573242,0.23027437925338745,3.4272472858428955,-0.8943201303482056,3.14705491065979,1.2784895103279132,-1.3243447999492362,0.5455532482122135
1687093127.624644,0.35384508967399597,0.9247586131095886,-0.14005333185195923,-0.22059011459350586,-1.5904691219329834,-0.32147926092147827,-0.04840714856982231,0.3393314778804779,1.5458672046661377,1.1939123321745218,-1.1804008742459056,0.46140270350869694
1687093127.716607,0.390316367149353,0.9145404100418091,-0.10615555197000504,-0.27106890082359314,-0.2706347703933716,-0.010986149311065674,-0.3934382498264313,0.2730433940887451,0.6205899715423584,1.3052463639939136,-1.1543702435751548,0.5706366966947614
1687093127.722691,0.4165456295013428,0.9009444713592529,-0.12160958349704742,-0.16262409090995789,0.07662510871887207,0.151822030544281,0.8025774955749512,-0.050945717841386795,0.42040252685546875,1.286743125877804,-1.1219410825971239,0.5425906977123566
1687093127.806899,0.42348480224609375,0.8975303769111633,-0.1228812038898468,0.012779265642166138,-0.2065666913986206,0.1436179280281067,-0.6341078877449036,-0.18871264159679413,0.06074982136487961,1.2883851053851099,-1.114136595166741,0.5485558518311324
1687093127.824986,0.4259469509124756,0.9001003503799438,-0.09159038960933685,0.0005668103694915771,0.0340428352355957,-0.02523089200258255,-0.169462189078331,0.04758085682988167,0.0522756427526474,1.3589937003115637,-1.1199997356262295,0.6301525510392642
1687093127.8949242,0.43155229091644287,0.8969530463218689,-0.096113421022892,0.04433885216712952,-0.04111814498901367,0.026335008442401886,-0.17187781631946564,-0.034104686230421066,0.13605336844921112,1.3516572760626488,-1.112828941999625,0.6244296419978228
1687093127.898731,0.43565210700035095,0.8972916603088379,-0.07123913615942001,-0.0069869160652160645,0.09007406234741211,-0.120136559009552,-0.10046102851629257,0.03401018679141998,0.10359635204076767,1.4087079158069853,-1.113595441140612,0.6885090343364643
1687093127.987276,0.43974095582962036,0.8954231142997742,-0.06960824131965637,0.03351038694381714,-0.10381239652633667,-0.04417651891708374,-0.3112066090106964,0.12141366302967072,-0.002481614239513874,1.4138051793996682,-1.1093806081792141,0.6873617630645068
1687093127.992284,0.439601331949234,0.8968513011932373,-0.049077633768320084,0.07942649722099304,0.07334834337234497,-0.09623182564973831,0.07168523967266083,0.06262465566396713,-0.008130711503326893,1.4596154788503826,-1.1125988834290144,0.7362171103366382
1687093128.044265,0.4395858645439148,0.8969131708145142,-0.04807120934128761,0.18544459342956543,-0.08149886131286621,-0.02523200958967209,-0.45406144857406616,0.02351360209286213,-0.017207296565175056,1.4618734685276478,-1.1127388228170234,0.7363256490338204
1687093128.167319,0.44556036591529846,0.8950569033622742,-0.01868436485528946,0.28689202666282654,0.00740891695022583,-0.02570343017578125,-0.8589692115783691,-0.05418732017278671,0.2607193887233734,1.5288863498620082,-1.1085587198936442,0.8111876993549954
1687093128.172144,0.45634061098098755,0.8896961212158203,0.013930491171777248,0.3639566898345947,-0.04014784097671509,-0.18203651905059814,0.0037637108471244574,-0.17868490517139435,0.16502882540225983,1.6013133716278216,-1.0966792017212403,0.8988091072481282
1687093128.256518,0.4592135548591614,0.8880524635314941,-0.02204088680446148,0.388076514005661,-0.23399972915649414,0.024726450443267822,0.020978117361664772,-0.42161285877227783,-0.17140965163707733,1.522836104657766,-1.0930915286393896,0.8260455295331322
1687093128.2769408,0.4345652759075165,0.9005587697029114,-0.012112533673644066,0.21481823921203613,0.024291515350341797,-0.1122618317604065,-0.19174998998641968,-0.29685869812965393,-0.7437258958816528,1.5429307811564446,-1.1210531804646797,0.8697419654373796
1687093128.3417969,0.3989656865596771,0.9152999520301819,-0.05524954944849014,0.03587934374809265,0.12132108211517334,0.029675841331481934,1.0523905754089355,-0.14361293613910675,-0.7714802622795105,1.4331895543514188,-1.1562519531912367,0.7549900989420995
1687093128.359019,0.36662089824676514,0.9281083345413208,-0.06483934819698334,0.11677753925323486,0.0642927885055542,-0.005808830261230469,0.5725721120834351,1.2373201847076416,-0.695815920829773,1.3957497434510944,-1.1892993117713682,0.6872256581667049
1687093128.430536,0.30834320187568665,0.9450740814208984,-0.10844182223081589,0.34625890851020813,-0.25646018981933594,-0.15852594375610352,2.030298948287964,0.4096534550189972,-2.7776496410369873,1.2326149967649123,-1.2378210889417662,0.4618310857742482
1687093128.447407,0.1487860232591629,0.9807083010673523,-0.12678347527980804,-1.1242955923080444,0.1806991696357727,-0.21357905864715576,-0.06272689998149872,1.458142638206482,-1.928574562072754,0.8650730516442362,-1.3740527168118568,0.06559462368425163
1687093128.491606,0.12127608805894852,0.9892587661743164,-0.08160348236560822,-0.4192191958427429,-0.3481455445289612,0.3013300895690918,-0.9730206727981567,3.0192699432373047,0.2470531165599823,0.978508893231105,-1.4240959206282864,0.03198656687178556
1687093128.581063,0.14030621945858002,0.9844732284545898,-0.10548191517591476,-0.07447981834411621,0.0006493330001831055,-0.15559594333171844,1.931817889213562,-1.8555431365966797,0.6178621053695679,0.926145609590374,-1.3943474629553767,0.0010910764494927018
1687093128.5848699,0.14085140824317932,0.9785286784172058,-0.1504751741886139,-0.18317925930023193,-0.45307689905166626,-0.037650421261787415,-0.5224620699882507,0.7329416275024414,-0.3401581943035126,0.7523758784840431,-1.3631975463110408,-0.15840062527779852
1687093128.768441,0.13265542685985565,0.9844908118247986,-0.11480535566806793,0.09888145327568054,0.26404428482055664,0.03570384532213211,-0.39626091718673706,0.20094364881515503,0.021262597292661667,0.857406368950556,-1.394447471169998,-0.08359671754450267
1687093128.7748241,0.14410562813282013,0.9824641942977905,-0.11831136792898178,0.034010231494903564,0.0422855019569397,-0.047185420989990234,0.19210505485534668,-0.3730665147304535,0.31769639253616333,0.8833783744973971,-1.3832474632247405,-0.045934981196880456
1687093128.9112968,0.14771124720573425,0.9816335439682007,-0.12073412537574768,0.04052115976810455,-0.04832988977432251,-0.04512885957956314,-0.4002450704574585,0.3381093442440033,-0.03601347655057907,0.8855557689046932,-1.3788434116154982,-0.04802411583890966
1687093128.932067,0.15564312040805817,0.9842444658279419,-0.08389266580343246,0.023571357131004333,0.06209641695022583,0.005737192928791046,-0.24083897471427917,0.2782253921031952,0.1846054494380951,1.0764324935570457,-1.3930488257731417,0.12600320885602134
1687093128.935832,0.1629803478717804,0.981161892414093,-0.10372459143400192,-0.053590044379234314,-0.07944375276565552,0.12305748462677002,0.2648017704486847,-0.21442972123622894,0.16345089673995972,1.0040242164983342,-1.376386702958191,0.05846010675186368
1687093129.0035582,0.16665929555892944,0.9813495874404907,-0.0958009660243988,-0.013430476188659668,-0.03557926416397095,0.0457674115896225,-0.212215855717659,0.092457115650177,-0.026153920218348503,1.0490888655003863,-1.3773607673376753,0.10049296511049077
1687093129.0070539,0.16809818148612976,0.9813287854194641,-0.0934719443321228,0.008659690618515015,0.00947028398513794,0.018566541373729706,-0.07027170062065125,-0.16637910902500153,0.08178000152111053,1.0633157502178094,-1.3772524358332952,0.11860407595363749
1687093129.0106812,0.16840152442455292,0.9824650883674622,-0.08002053946256638,-0.02678467333316803,-0.05109912157058716,-0.04174458980560303,-0.20976461470127106,0.1626206338405609,-0.09885741770267487,1.1272035505839142,-1.383252201660824,0.1816776047399151
1687093129.092551,0.1650468409061432,0.9828872680664062,-0.08180630207061768,-0.0223313570022583,-0.03598785400390625,0.02289217710494995,-0.05130147188901901,-0.10654985904693604,-0.021116284653544426,1.1106307124169688,-1.3855303168363944,0.16849667035855667
1687093129.1109319,0.16329219937324524,0.9836966395378113,-0.07534146308898926,-0.060280099511146545,-0.034371256828308105,0.0027096346020698547,-0.33048897981643677,-0.044228825718164444,-0.009322209283709526,1.1385105961231545,-1.3899769362947831,0.20004490013286186
1687093129.180791,0.1659807562828064,0.9843423366546631,-0.059336159378290176,-0.08074513077735901,-0.014463067054748535,0.02369164675474167,-0.2816476821899414,-0.3437367081642151,0.20914249122142792,1.2274661573919583,-1.3936031920729104,0.29644894573511205
1687093129.198432,0.1786651462316513,0.9826964735984802,-0.048851191997528076,-0.15060420334339142,-0.026718080043792725,0.03527092933654785,-0.5343618392944336,-0.45653995871543884,0.41331133246421814,1.3038966600314126,-1.384497279868444,0.3981876750511227
1687093129.27619,0.20617230236530304,0.9784075617790222,-0.014549572952091694,-0.16958169639110565,0.0009624958038330078,0.0316089391708374,-0.829886794090271,-0.6944851279258728,0.6907219290733337,1.500343155055052,-1.3626109396912116,0.6202577552523247
1687093129.364805,0.2497701346874237,0.9681975245475769,0.014435222372412682,-0.4070882201194763,0.05749821662902832,0.05015528202056885,-0.730455219745636,-0.9914200305938721,1.1612615585327148,1.6285261355876808,-1.3179229463275066,0.80898019380015
1687093129.369228,0.30540451407432556,0.9520677328109741,0.017181985080242157,-0.1916349232196808,-0.006053268909454346,0.028487564995884895,-0.0973786860704422,-1.277062177658081,1.0687155723571777,1.6269968473626444,-1.2599260173776081,0.8482600236011784
1687093129.456002,0.3567519783973694,0.9340919256210327,0.014152935706079006,-0.491212397813797,0.04309612512588501,0.0738903284072876,-0.925706148147583,-1.1727995872497559,1.1452045440673828,1.6104471736002166,-1.2057072317223814,0.9163173087070768
1687093129.474669,0.40010419487953186,0.9159942269325256,0.02951386757194996,-0.06784406304359436,0.12755423784255981,-0.02748441882431507,-0.4381628930568695,-0.6895893216133118,0.8577502965927124,1.6444284182223525,-1.1579791400944788,0.9789706427968866
1687093129.544334,0.43912574648857117,0.8956323266029358,0.07079074531793594,-0.37087318301200867,0.14674127101898193,-0.013570308685302734,-1.242436408996582,-0.36779144406318665,0.6107375621795654,1.7306295801127134,-1.109850753261404,1.120044423617796
1687093129.562557,0.4754825830459595,0.8728619813919067,0.1096726581454277,-0.012500405311584473,0.4772050380706787,0.1900709718465805,-1.032091498374939,0.7469647526741028,1.128291368484497,1.797487162341018,-1.0610369701402083,1.2013349642735884
1687093129.597235,0.5247730016708374,0.845431387424469,0.09929495304822922,1.3033063411712646,-0.7638425230979919,-0.39386582374572754,1.7399519681930542,-0.6070823073387146,0.5876562595367432,1.7578005786157906,-1.0073723125638225,1.1026680686134027
1687093129.692552,0.4978206157684326,0.860815703868866,0.10569161921739578,0.7310917377471924,-0.7609928846359253,-0.38059401512145996,-0.6343601942062378,0.4350624084472656,-1.3247613906860352,1.7799986251724391,-1.036870374250488,1.1306579376358155
1687093129.7111979,0.464739054441452,0.8809285759925842,0.08934466540813446,0.22077733278274536,0.420524001121521,0.05001389980316162,0.24538998305797577,-0.892883837223053,-0.07323354482650757,1.7607260478623774,-1.0778207641683408,1.1447947674787777
1687093129.780906,0.4865892231464386,0.8718793988227844,0.05529077351093292,-0.18008598685264587,0.23476415872573853,0.14092206954956055,0.9992786645889282,0.0661952868103981,0.6909970045089722,1.6839402941677202,-1.0590269827587062,1.0734096621834768
1687093129.798442,0.5071475505828857,0.861056387424469,0.03719098120927811,-0.16501504182815552,-0.22568047046661377,0.042581912130117416,-0.7071177363395691,-0.1511715203523636,0.2079416662454605,1.6439989451074357,-1.0373434621251005,1.0344583084903543
1687093129.8415499,0.5055913329124451,0.8591887354850769,0.0785611942410469,-0.13666433095932007,-0.01800239086151123,-0.1249021366238594,-0.36921459436416626,0.06326793879270554,-0.14942657947540283,1.7249483379129202,-1.0336820455563134,1.1253869281775628
1687093129.97176,0.49911198019981384,0.8618639707565308,0.08987607061862946,-0.14945682883262634,0.005338728427886963,0.0027905628085136414,-0.5766512155532837,0.4189223051071167,-0.13946236670017242,1.7489589569288124,-1.038933681081416,1.1441376895906978
1687093129.9771361,0.48869842290878296,0.8585696816444397,0.15502162277698517,-0.04457613825798035,-0.05499619245529175,-0.0927504450082779,-1.485615611076355,0.7504464387893677,-0.20915596187114716,1.8779693482927573,-1.0324733550852256,1.258027657444908
1687093130.0562239,0.4696299731731415,0.8521541953086853,0.23082618415355682,-0.04453539848327637,-0.021984636783599854,-0.09747961163520813,-0.9808855652809143,0.9674026370048523,-0.2733679711818695,2.0276260730873785,-1.0200881920598819,1.3829279547336608
1687093130.077085,0.44301778078079224,0.8473659753799438,0.2927558124065399,-0.05320146679878235,-0.0199124813079834,-0.10253980755805969,-1.0365568399429321,1.1324182748794556,-0.3242418169975281,2.1547415865342985,-1.0110050533439816,1.4712503916892636
1687093130.141883,0.40304362773895264,0.8378852009773254,0.3681090772151947,-0.07829073071479797,-0.12435364723205566,-0.1845611035823822,-1.0602188110351562,1.6427756547927856,-0.4825986921787262,2.310923725693256,-0.993397250820227,1.5735964789479604
1687093130.160225,0.33931320905685425,0.8251420259475708,0.4516717195510864,-0.09193766117095947,-0.18251806497573853,-0.18624502420425415,-1.3075878620147705,2.121795654296875,-0.7385969161987305,2.497299365306974,-0.9704535523243281,1.6863322240848553
1687093130.228467,0.24446401000022888,0.8038806915283203,0.5422297120094299,-0.1469298154115677,-0.2375507950782776,-0.1711665391921997,-1.0787125825881958,2.700770378112793,-1.0091581344604492,2.7180325112112027,-0.9337912476166982,1.8100063053019113
1687093130.231658,0.11102920770645142,0.7889083027839661,0.6043974757194519,-0.04057934880256653,-0.2512494921684265,-0.020275771617889404,-1.4146476984024048,2.9639675617218018,-1.3491053581237793,2.9599159399257253,-0.9090304223833404,1.9252430644316487
1687093130.2906919,-0.044990476220846176,0.7568364143371582,0.652053713798523,-0.14521029591560364,-0.13905400037765503,-0.14952093362808228,-0.1026257798075676,3.26593017578125,-1.7648639678955078,-3.072703724824039,-0.8584591995503745,2.057641591318232
1687093130.3883162,-0.22724077105522156,0.7561658620834351,0.613656759262085,-0.12760235369205475,-0.08566427230834961,0.040975749492645264,-0.46052950620651245,3.518014430999756,-2.0550615787506104,-2.7869436161405705,-0.8574339632759459,2.2045742350907607
1687093130.393161,-0.42096060514450073,0.6913707852363586,0.5871956944465637,-0.25706368684768677,-0.15499389171600342,0.06649088859558105,-0.8288191556930542,4.507857322692871,-1.9023842811584473,-2.51961421708523,-0.7633846300175315,2.300422404639233
1687093130.441678,-0.6118995547294617,0.6395322680473328,0.4653788208961487,-0.45060044527053833,0.12139302492141724,0.1782217025756836,0.48230844736099243,4.690082550048828,-2.1738195419311523,-2.2210138712758067,-0.693889667234033,2.4048571652847612
1687093130.531373,-0.7612202167510986,0.5800431370735168,0.2899892032146454,-0.7318065166473389,0.36319416761398315,0.3451426029205322,0.4217047691345215,4.554717540740967,-1.452223300933838,-1.9347759143653067,-0.6187816108339667,2.479208383052752
1687093130.551917,-0.8311756253242493,0.5411065220832825,0.12787088751792908,0.07604855298995972,0.46704167127609253,0.5617806911468506,0.4044298231601715,1.9976471662521362,-0.6818966269493103,-1.7234429596449863,-0.5717523539410202,2.5404160410769037
1687093130.591553,-0.844261646270752,0.5271275639533997,0.09674253314733505,-0.1061016321182251,0.31657665967941284,0.28062260150909424,-0.2306416630744934,0.7020484209060669,-0.19795604050159454,-1.6848870454176998,-0.5552168204966598,2.5343332456359984
1687093130.6809669,-0.850640058517456,0.5206997394561768,0.07268673181533813,0.24717020988464355,0.23436611890792847,0.23993539810180664,-0.08210891485214233,0.6281659603118896,0.048575446009635925,-1.6560387172251254,-0.547670381659297,2.5135256666740022
1687093130.7002048,-0.847029447555542,0.5284456610679626,0.05732322484254837,0.007643640041351318,-0.022952675819396973,0.4357798099517822,-0.4685775935649872,0.19535472989082336,0.2497602105140686,-1.6383688891573809,-0.5567686529522853,2.516430720622236
1687093130.740314,-0.8396989107131958,0.5386303067207336,0.0691600888967514,0.07675951719284058,0.11018860340118408,0.1291888952255249,0.4535781145095825,-0.638816773891449,0.2106623500585556,-1.6529738024335168,-0.5688105702745492,2.505034621020443
1687093130.831275,-0.8302778601646423,0.5490362048149109,0.09590540826320648,-0.052015841007232666,-0.12613892555236816,0.018321871757507324,-0.3967401087284088,-0.5304806232452393,0.2305881232023239,-1.6857966839456608,-0.5812106508545112,2.5032908705959374
1687093130.834888,-0.8248705267906189,0.5527706146240234,0.11846272647380829,-0.031773269176483154,-0.05518150329589844,-0.028481587767601013,0.22744408249855042,-0.49161699414253235,0.05138508230447769,-1.7134347443460176,-0.5856853486126813,2.4965839607100446
1687093130.8911161,-0.8201666474342346,0.55650395154953,0.13277855515480042,-0.03957456350326538,-0.028488874435424805,-0.13671529293060303,0.34458407759666443,-0.46214500069618225,0.006924137473106384,-1.7312959740663603,-0.5901720146947642,2.510320995582763
1687093130.953232,-0.8188557624816895,0.5571817755699158,0.13792595267295837,-0.04679054021835327,-0.04622608423233032,-0.059770479798316956,0.05867842212319374,-0.1273864209651947,-0.017518088221549988,-1.7376674077342256,-0.5909880775583123,2.5270015965031303
1687093131.04486,-0.8181803822517395,0.5577157735824585,0.13976359367370605,-0.0019031763076782227,0.03514909744262695,-0.08498455584049225,0.197331503033638,-0.057024117559194565,0.0014918223023414612,-1.7399857468614235,-0.5916312724129321,2.5287696365232475
1687093131.064091,-0.8176807165145874,0.5592658519744873,0.13645491003990173,-0.0349346399307251,-0.02746659517288208,-0.00908970832824707,-0.06093692034482956,0.07007790356874466,0.031664106994867325,-1.7361529813727161,-0.5934999759549245,2.538333719989343
1687093131.097911,-0.818127453327179,0.5600442886352539,0.13045167922973633,0.034817636013031006,0.02867025136947632,0.000712856650352478,0.10855676233768463,0.06943076103925705,-0.012128381989896297,-1.7289167758567026,-0.5944392318622272,2.5374192453166726
1687093131.189811,-0.8184837698936462,0.5605165958404541,0.12611722946166992,0.01672595739364624,-0.0201113224029541,0.04433870315551758,0.07715004682540894,-0.04780092462897301,0.02790318801999092,-1.723680350472897,-0.595009442070251,2.5450322342184974
1687093131.2083402,-0.8179534673690796,0.5613844990730286,0.1256975531578064,-0.007882833480834961,-0.0016158223152160645,0.04571975767612457,0.1083715483546257,0.0283909160643816,-0.04703763127326965,-1.7232767365830475,-0.5960578492445315,2.547923727204982
1687093131.2811131,-0.8187208771705627,0.5602080225944519,0.1259472668170929,0.024897754192352295,0.01616203784942627,0.039412230253219604,0.18369744718074799,-0.10687796026468277,-0.04551110789179802,-1.723433977750748,-0.5946369236459099,2.5578118594439294
1687093131.298603,-0.8181213736534119,0.5601228475570679,0.13015377521514893,0.009435951709747314,0.02616560459136963,0.020877733826637268,0.1306823045015335,-0.07901250571012497,-0.009205296635627747,-1.7285628061207992,-0.5945341139292246,2.5634348494414043
1687093131.338407,-0.8166592121124268,0.5617585182189941,0.13226817548274994,0.004861235618591309,0.007028043270111084,0.014673933386802673,0.15086694061756134,-0.11906245350837708,-0.011376039125025272,-1.7313645221155183,-0.596509861246719,2.571381520890039
1687093131.4598851,-0.8151912093162537,0.5633876323699951,0.13437849283218384,0.0068416595458984375,0.025555789470672607,-0.017862334847450256,0.33397138118743896,-0.16474977135658264,-0.03504914417862892,-1.734170021783141,-0.5984803623723551,2.5806720264120817
1687093131.477448,-0.8147572875022888,0.5639516115188599,0.13464368879795074,-0.01684659719467163,-0.055834054946899414,0.035461291670799255,-0.029778137803077698,-0.090946264564991,0.017157867550849915,-1.7345723355052833,-0.5991632040067029,2.5941261495009784
1687093131.549573,-0.8143373131752014,0.5639439225196838,0.13719238340854645,-0.008385956287384033,0.02870732545852661,-0.009522095322608948,0.1744891107082367,-0.1382458657026291,-0.0397818461060524,-1.7377002595421576,-0.5991538812562786,2.59763903016448
1687093131.553288,-0.8147152066230774,0.562841534614563,0.1394580900669098,0.0032070279121398926,-0.006994426250457764,-0.0020374059677124023,0.0731225460767746,-0.16291527450084686,-0.018087204545736313,-1.7403273171493436,-0.5978195564671226,2.607528837332143
1687093131.6431699,-0.8136122822761536,0.5626914501190186,0.14633333683013916,-0.017701804637908936,0.011344194412231445,-0.01898348331451416,-0.11930202692747116,-0.08827458322048187,0.0036718863993883133,-1.748750134379984,-0.5976379637039003,2.602179255231845
1687093131.65972,-0.813621461391449,0.5620863437652588,0.14859138429164886,0.009345829486846924,0.008897542953491211,-0.025910720229148865,0.03600034490227699,-0.04744992032647133,0.008246397599577904,-1.7514352037588372,-0.5969062185689881,2.602562498308802
1687093131.7308931,-0.8132057189941406,0.5629492402076721,0.1475965678691864,-0.011348843574523926,0.01892942190170288,-0.030256494879722595,0.03713425248861313,-0.0030865834560245275,0.02055472880601883,-1.7503414845508125,-0.5979498669426758,2.604196771252277
1687093131.748157,-0.8125945925712585,0.5642474889755249,0.14599540829658508,-0.01539301872253418,-0.020546317100524902,0.006821393966674805,-0.13453218340873718,0.045813847333192825,0.04264085739850998,-1.7485654692273278,-0.5995214703817373,2.6043512479043893
1687093131.7921882,-0.8128322958946228,0.5646315813064575,0.14316120743751526,-0.002872169017791748,0.0024765729904174805,-0.018008574843406677,-0.007413642946630716,0.09647756069898605,-0.0018126275390386581,-1.7451346799842566,-0.5999868300937875,2.6014304051486787
1687093131.878065,-0.8141571283340454,0.5635783672332764,0.13974104821681976,0.0037018656730651855,-0.020533382892608643,0.003371119499206543,-0.0704968050122261,0.06789132207632065,-0.00732909981161356,-1.7407789372240694,-0.5987112740568629,2.6003112619298894
1687093131.8954601,-0.8147097826004028,0.5627545118331909,0.13984134793281555,0.00040918588638305664,0.016026675701141357,0.01390625536441803,-0.08303190767765045,0.01783774048089981,0.006671670824289322,-1.740785422163618,-0.5977142466695771,2.5948444948428073
1687093131.94074,-0.8142696022987366,0.5626299977302551,0.14287316799163818,0.011443555355072021,0.008033514022827148,0.01809181272983551,-0.0865655243396759,-0.023236460983753204,0.02349698916077614,-1.7444899774393927,-0.5975636435047591,2.5894319196823226
1687093132.027298,-0.8138712644577026,0.5629792213439941,0.14376424252986908,0.00044041872024536133,0.014047205448150635,-0.01790975034236908,0.07481817901134491,0.042174503207206726,-0.014855192974209785,-1.7456352243855262,-0.5979861245491517,2.589544954459801
1687093132.0447822,-0.8142987489700317,0.5629781484603882,0.14132612943649292,-0.003953814506530762,-0.008687436580657959,0.027863383293151855,0.0037623790558427572,0.08464659750461578,-0.010356048122048378,-1.7426401970814553,-0.597984845363794,2.589225883958961
1687093132.092881,-0.8151277303695679,0.5628393292427063,0.13703516125679016,0.013064801692962646,-0.004367709159851074,0.014454111456871033,0.15924125909805298,-0.036737486720085144,-0.03491225838661194,-1.7373538213645041,-0.5978168528304388,2.596977507565971
1687093132.181381,-0.8149958848953247,0.5625202655792236,0.13911353051662445,0.006386876106262207,-0.013814270496368408,0.023972392082214355,-0.0008418266661465168,-0.06133643910288811,-0.012700162827968597,-1.7398592749080453,-0.5974309528499245,2.600243576129385
1687093132.1993198,-0.8149875998497009,0.5623946785926819,0.13966906070709229,0.004257619380950928,0.011946141719818115,-0.006032586097717285,0.13276223838329315,-0.04574109986424446,-0.03333166986703873,-1.7405232209172388,-0.5972790033231744,2.6047702573113534
1687093132.334309,-0.8147011995315552,0.5619244575500488,0.1431877613067627,-0.012584447860717773,-0.0035291314125061035,0.01001046597957611,-0.12171079218387604,-0.032398663461208344,0.02356410026550293,-1.744774396889675,-0.5967104507646427,2.601156050770925
1687093132.339926,-0.814220130443573,0.5621691346168518,0.1449521780014038,-0.01770418882369995,-0.013051211833953857,-0.015939146280288696,0.0034993255976587534,-0.05123040825128555,-0.0020022448152303696,-1.7469763459347445,-0.5970062632051765,2.6031282359474677
1687093132.425993,-0.8143913745880127,0.561418890953064,0.14688676595687866,0.0040122270584106445,0.0068489909172058105,-0.021566256880760193,0.019944410771131516,0.0009042966412380338,-0.016844041645526886,-1.7492416776940678,-0.5960993942549992,2.5997694970630287
1687093132.4444818,-0.8152809739112854,0.5605701804161072,0.14518335461616516,-0.01711660623550415,-0.008308827877044678,-0.00547383725643158,-0.004254068713635206,-0.0034309301991015673,-0.022624699398875237,-1.747026667585886,-0.5950741750227757,2.602732045257821
1687093132.512999,-0.8159124851226807,0.5596598386764526,0.1451474130153656,-0.013707876205444336,-0.0010966658592224121,0.0009860992431640625,0.09912212193012238,-0.052759066224098206,-0.0380135104060173,-1.746850363130327,-0.5939752885449664,2.6057891491652567
1687093132.5300388,-0.8165920376777649,0.5589355230331421,0.14411208033561707,0.0023068785667419434,-8.249282836914062e-05,0.011756405234336853,0.16259130835533142,-0.10242928564548492,-0.029532939195632935,-1.7454775491796002,-0.5931015269148567,2.6141193095694124
1687093132.599556,-0.8155473470687866,0.5598390698432922,0.14650194346904755,-0.02089369297027588,-0.018441975116729736,0.052655816078186035,0.1157466396689415,-0.30861562490463257,0.017092086374759674,-1.7485369989658148,-0.5941915588730405,2.6269014861761026
1687093132.603147,-0.8105562329292297,0.5621276497840881,0.1643497347831726,0.016778945922851562,-0.00893557071685791,0.07388578355312347,0.15753722190856934,-0.6525399684906006,0.07621639221906662,-1.7708459203254157,-0.5969561252547132,2.6270642961087134
1687093132.75526,-0.800058126449585,0.5685853958129883,0.19135810434818268,-0.01161801815032959,-0.007016181945800781,0.0976739227771759,0.1965310424566269,-0.9870019555091858,0.13527758419513702,-1.8055660727221743,-0.6047852203492546,2.6407134164286146
1687093132.761684,-0.7821661233901978,0.5791935920715332,0.22967541217803955,-0.012526869773864746,0.07412666082382202,0.03756701946258545,0.6455087065696716,-1.4014250040054321,0.2834734320640564,-1.8564082820033347,-0.6177391358958642,2.653825845888439
1687093132.8445668,-0.74937903881073,0.6112570762634277,0.25454989075660706,-0.07708269357681274,0.191400945186615,0.041211217641830444,1.670131802558899,-1.7521703243255615,0.570633053779602,-1.8982489663316235,-0.6576479424627697,2.7177206217051877
1687093132.864424,-0.7035039067268372,0.6576880216598511,0.26931124925613403,-0.05407959222793579,0.08109670877456665,0.15460845828056335,1.3635846376419067,-1.736903429031372,0.9191420078277588,-1.9364000972606825,-0.7177454543056573,2.796256407024884
1687093132.868027,-0.6409997940063477,0.7198744416236877,0.26627063751220703,-0.005545556545257568,0.28014081716537476,0.07683849334716797,2.4462294578552246,-2.00872802734375,1.2882401943206787,-1.9645067515858765,-0.8036213669671377,2.8856160745787633
1687093132.929092,-0.5546314120292664,0.7975693345069885,0.23720726370811462,-0.08950316905975342,0.12448883056640625,0.2998868525028229,2.101243019104004,-2.162393808364868,1.854444980621338,-1.974938575302594,-0.9232550034174877,3.0159682178235996
1687093132.932545,-0.4416907727718353,0.8757247924804688,0.19497521221637726,-0.11110460758209229,0.34987640380859375,0.2018907070159912,2.9247703552246094,-2.2185542583465576,2.4714531898498535,-1.9864999642539338,-1.0669349496148504,3.1302875700534183
1687093133.084097,-0.29968616366386414,0.9466269016265869,0.11868195980787277,-0.1796533763408661,0.13554149866104126,0.2543649673461914,1.9471285343170166,-2.042891025543213,3.0142853260040283,-1.9478676615892945,-1.2426050928155743,-2.9947220263848466
1687093133.089993,-0.11098845303058624,0.9874692559242249,0.11218705028295517,-0.48614898324012756,0.8868592977523804,0.4031480550765991,-0.6741887331008911,-2.4158530235290527,4.818300724029541,-2.361565065121535,-1.4123223229595372,2.97569459057717
1687093133.2099361,0.16525331139564514,0.9858411550521851,-0.028432492166757584,-0.5690923929214478,0.3767838478088379,-0.09572821855545044,6.852167129516602,-2.513160228729248,5.145553112030029,1.4004105443807278,-1.4023186882841665,0.561421210889723
1687093133.228688,0.29229047894477844,0.9392714500427246,-0.179820716381073,-0.5694358348846436,-2.515733242034912,0.1396138072013855,-1.5326224565505981,0.3697173595428467,0.44439974427223206,1.0192663074003832,-1.2205012067014025,0.2615203903864958
1687093133.2323189,0.38624778389930725,0.9201376438140869,-0.06449244171380997,-0.40854084491729736,0.0036599040031433105,0.16196560859680176,-3.1565914154052734,1.0376286506652832,0.9317683577537537,1.405350904424701,-1.1684319070467468,0.6647029505262158
1687093133.290267,0.42379212379455566,0.9035438895225525,-0.06331489235162735,0.019780904054641724,0.41368627548217773,-0.06728506088256836,1.7800809144973755,-1.0689607858657837,1.0356743335723877,1.4224924242536265,-1.1279693003009796,0.6968739980795045
1687093133.307611,0.44762513041496277,0.8884650468826294,-0.10130050778388977,-0.17804807424545288,-0.4745398759841919,-0.09778088331222534,-0.34446635842323303,0.25135475397109985,0.22848182916641235,1.3482386253800176,-1.0939897171490378,0.6346073314724296
1687093133.384239,0.44904375076293945,0.8889509439468384,-0.09014469385147095,0.03140980005264282,-0.0796399712562561,-0.08769650012254715,0.1777620017528534,0.20570936799049377,-0.12722620368003845,1.3726815021440308,-1.095049523773313,0.6472906730367118
1687093133.387913,0.4431307315826416,0.8934556245803833,-0.0732966735959053,0.023467838764190674,-0.015434324741363525,0.056100063025951385,-0.7438616752624512,0.26482954621315,-0.1415255218744278,1.4068740717323225,-1.1049809401639359,0.6730193215802108
1687093133.4716702,0.44136330485343933,0.8952752947807312,-0.06066678836941719,0.05718713998794556,0.06297653913497925,0.055402521044015884,0.30947843194007874,-0.02094920352101326,-0.018890414386987686,1.4341991228171842,-1.1090487127652093,0.6941328618179398
1687093133.4758492,0.43642961978912354,0.8976368308067322,-0.06145961582660675,0.15722885727882385,-0.20220232009887695,-0.015963435173034668,-0.5343964099884033,-0.27270805835723877,-0.224073126912117,1.430892648538393,-1.1143779993155891,0.6982693816229747
1687093133.566543,0.4229303300380707,0.9054192304611206,-0.03668386861681938,0.16424310207366943,-0.03067880868911743,-0.18487370014190674,-0.21788173913955688,0.014076823368668556,-0.30038413405418396,1.4842754954820154,-1.1323662928857776,0.767037700966382
1687093133.687108,0.41065070033073425,0.9113926291465759,-0.027007313445210457,0.34693291783332825,-0.16957145929336548,-0.1218879222869873,-0.6369553804397583,-0.0952877476811409,-0.32598671317100525,1.505123780102541,-1.1466554999520706,0.7883646401262415
1687093133.692004,0.3941951394081116,0.9190267324447632,0.00010930667485808954,0.27159157395362854,0.13056427240371704,-0.08488714694976807,-0.026767898350954056,-0.04568544030189514,-0.2771379351615906,1.5710736175594378,-1.1656043128711546,0.8671748401065741
1687093133.7752671,0.3864980638027191,0.9211535453796387,-0.04577513411641121,0.3121408224105835,0.10919612646102905,0.12025332450866699,0.7719823122024536,-0.3769805431365967,-0.10616566240787506,1.4529098665737263,-1.1710340567441606,0.7515502334815576
1687093133.7955132,0.3690486550331116,0.9292810559272766,-0.015488148666918278,0.2879032790660858,-0.1371667981147766,0.029236316680908203,-1.0349540710449219,-0.18291707336902618,-0.7145360708236694,1.5288531710919608,-1.1924615928842983,0.8435032914166046
1687093133.8664231,0.35190799832344055,0.933867335319519,-0.0636584609746933,0.38129207491874695,0.22319132089614868,-0.029328584671020508,2.3892874717712402,1.4745975732803345,0.11833721399307251,1.3918364407773032,-1.205078691231339,0.6812986538390892
1687093133.870175,0.2564604878425598,0.9613444805145264,-0.10022343695163727,0.12125560641288757,-0.45513421297073364,-0.08941274881362915,0.27127915620803833,-0.4546523094177246,-4.022963523864746,1.1982505329009858,-1.2918442007072197,0.4716870596988585
1687093133.954043,0.09347754716873169,0.9846493005752563,-0.14740422368049622,-1.5223257541656494,0.4217991828918457,0.4554181694984436,-1.8649550676345825,1.1024738550186157,-1.2470993995666504,0.5651576674086066,-1.3953531543866837,-0.1871446077138419
1687093133.958305,0.12226942926645279,0.9924687743186951,-0.007500949315726757,-0.4338996112346649,0.15674710273742676,0.09420144557952881,-0.9644554257392883,1.9886690378189087,1.688105583190918,1.5095254083684086,-1.4479899140863537,0.626797576476762
1687093134.044756,0.11337365955114365,0.9828896522521973,-0.1451699584722519,-0.08360371738672256,-0.7212167382240295,-0.09013581275939941,2.07810378074646,-0.9712805151939392,-0.9543108344078064,0.6630302988375117,-1.3855432413315831,-0.19611907957015354
1687093134.063158,0.12010428309440613,0.9877017736434937,-0.10010111331939697,0.008725695312023163,-0.37988317012786865,-0.05315816402435303,-1.4525669813156128,1.312863826751709,-0.14768168330192566,0.8759882209329387,-1.413802470522781,-0.035479679581551855
1687093134.1300201,0.11189361661672592,0.9879868030548096,-0.10659260302782059,0.015593595802783966,0.20024561882019043,0.32007837295532227,0.10732079297304153,-0.48400020599365234,0.2979589104652405,0.8096558865257915,-1.415636246331445,-0.10913541142684292
1687093134.147188,0.12802572548389435,0.9866154789924622,-0.10099183022975922,0.06385356187820435,0.12651318311691284,-0.04578244686126709,0.9815304279327393,-0.2228626161813736,0.09000224620103836,0.9028973502893894,-1.4070008394913271,-0.013407606274029931
1687093134.222077,0.1277516782283783,0.986092746257782,-0.10630307346582413,-0.09506736695766449,-0.1712735891342163,0.1404065191745758,-1.085384726524353,0.3710578680038452,0.1561248004436493,0.8767822034542471,-1.4038256033759273,-0.02957331331890937
1687093134.3461142,0.13191047310829163,0.9860238432884216,-0.10176658630371094,0.04330621659755707,0.03059285879135132,-0.09203527867794037,0.9326175451278687,-0.34383630752563477,-0.08838853240013123,0.9136877350657311,-1.4034116205482392,0.009981098073358896
1687093134.366873,0.12854647636413574,0.9869565367698669,-0.09691543132066727,-0.11829255521297455,-0.10666173696517944,0.026831865310668945,-0.9489875435829163,0.2190234363079071,0.05312385410070419,0.9247828443028802,-1.4091056196317349,0.02759825495797709
1687093134.430828,0.12733158469200134,0.9877523183822632,-0.0901784673333168,-0.0010040104389190674,-0.003468811511993408,-0.076600082218647,0.43502309918403625,-0.11320922523736954,-0.1232980489730835,0.9545764451669813,-1.414126278341771,0.0562759718188358
1687093134.448592,0.12233361601829529,0.988594114780426,-0.08784305304288864,-0.025501295924186707,-0.00650787353515625,-0.03140438348054886,-0.27779287099838257,0.06965886056423187,-0.0675724670290947,0.9480511375788158,-1.4196168714744835,0.04975536207606194
1687093134.451257,0.12063656747341156,0.9899193048477173,-0.07420515269041061,-0.021683305501937866,0.005167245864868164,0.016969449818134308,-0.374553918838501,0.04070204496383667,0.0050159841775894165,1.0193381802467003,-1.4286861733220737,0.12011792076837832
1687093134.491391,0.12630638480186462,0.9906436204910278,-0.05169175937771797,-0.03862933814525604,0.06849950551986694,-0.03641248494386673,-0.2971923053264618,-0.13479827344417572,0.25762319564819336,1.1823354375049961,-1.4338949794514115,0.28618353908077115
1687093134.584566,0.14462067186832428,0.988869845867157,-0.034944240003824234,-0.09983612596988678,0.028799712657928467,0.033235255628824234,-0.6983569860458374,-0.4203398823738098,0.5334598422050476,1.3337136670236687,-1.4214588369452186,0.45611183609141326
1687093134.588159,0.18093626201152802,0.9834609627723694,-0.00813915953040123,-0.13081112504005432,0.036817729473114014,-0.11408370733261108,-0.23562264442443848,-0.5501573085784912,0.8414248824119568,1.5258430571345976,-1.3886710947504628,0.6744604285362354
1687093134.6737108,0.21819224953651428,0.9759052395820618,0.0010165292769670486,-0.1922980695962906,-0.06838881969451904,0.06020176410675049,-0.5761627554893494,-0.8523144721984863,0.7207629084587097,1.5754551628796043,-1.3508321243193386,0.7622393619726425
1687093134.692665,0.2660801410675049,0.9638757705688477,0.012024144642055035,-0.3766453266143799,0.1609257459640503,0.0434567928314209,-0.10827574133872986,-1.0921550989151,1.259218692779541,1.615955542077427,-1.3011897935414636,0.8541460459037645
1687093134.795975,0.33515724539756775,0.9421219825744629,0.008710283786058426,-0.5028970837593079,0.048463284969329834,0.07557928562164307,-0.7682545781135559,-0.95762038230896,1.5668230056762695,1.5967791271987661,-1.2289042610453687,0.8924490640307353
1687093134.886704,0.41751334071159363,0.908089816570282,0.03248659148812294,-0.765291690826416,0.34984463453292847,0.09071290493011475,-0.2371939867734909,-0.8543708324432373,1.9018161296844482,1.6484495729752844,-1.138699875048224,1.0029657449570168
1687093134.892881,0.48688194155693054,0.8731719255447388,-0.02273651771247387,-0.25034016370773315,-0.19310295581817627,0.2373971939086914,-0.03905133157968521,0.404666543006897,1.301455020904541,1.5241320138032664,-1.0616725651422247,0.8727245866930159
1687093134.89767,0.5147823095321655,0.8551360964775085,0.061168111860752106,0.43332260847091675,-0.25592339038848877,-0.13454759120941162,-1.0278191566467285,1.690858244895935,0.11778834462165833,1.6890650552324666,-1.0258132754599596,1.0148528028457904
1687093134.971342,0.5204851627349854,0.8508557677268982,0.07168997079133987,1.2393872737884521,-0.7066298127174377,-0.046970732510089874,-0.31517893075942993,0.11580545455217361,-0.3480214476585388,1.7076718981642198,-1.0176119097550438,0.9976987930121589
1687093134.975287,0.4949381649494171,0.8602820634841919,0.12227528542280197,0.7671164274215698,-0.06432253122329712,-0.2003391832113266,-0.5205945372581482,-0.2445434182882309,-0.37756094336509705,1.8129981491772553,-1.0358227240245146,1.0964244243268888
1687093135.0297952,0.4921910762786865,0.8619559407234192,0.12157349288463593,-0.07577866315841675,0.3544747829437256,0.13604070246219635,-0.22239625453948975,-0.516523003578186,0.34685614705085754,1.8129538706510833,-1.039115139356069,1.1309981653527634
1687093135.126503,0.510490357875824,0.8553261756896973,0.0884113609790802,-0.33950042724609375,-0.008951723575592041,0.01043509691953659,0.9513797163963318,0.13880276679992676,0.2570396959781647,1.7422843583151442,-1.0261800672326193,1.0606222724819139
1687093135.147656,0.5090835094451904,0.8560837507247925,0.08918778598308563,0.09421855211257935,-0.30440229177474976,-0.13124096393585205,-0.929193913936615,-0.13198064267635345,-0.33661776781082153,1.7442291128495113,-1.0276441250465225,1.058716021388051
1687093135.180114,0.5019932389259338,0.8598287105560303,0.09326107800006866,-0.03502845764160156,0.3624308705329895,-0.1071770116686821,1.0442848205566406,0.2812873423099518,0.1380467414855957,1.7544836527017489,-1.0349340527695128,1.0680807820302665
1687093135.24373,0.5065997838973999,0.8575764298439026,0.0889916941523552,0.019736945629119873,-0.11325258016586304,0.10084296017885208,-0.80467689037323,0.06440843641757965,-0.01765364222228527,1.744686855319372,-1.0305391008603577,1.0393150311241974
1687093135.369448,0.5010225176811218,0.8548349738121033,0.13503055274486542,-0.0883486270904541,-0.005119025707244873,0.028986185789108276,-1.2969142198562622,-0.0539376474916935,-0.26729223132133484,1.8340513523521622,-1.025232740052023,1.1473624231813098
1687093135.373407,0.4829874038696289,0.8513468503952026,0.2047724425792694,-0.15278717875480652,-0.1318187117576599,-0.022658824920654297,-1.8529062271118164,-0.08662541210651398,-0.6526005268096924,1.9717946980746939,-1.0185473127886857,1.3124457402022518
1687093135.456409,0.4493350684642792,0.8485657572746277,0.2793457508087158,-0.2924441993236542,0.01869797706604004,-0.24898076057434082,-1.4383161067962646,0.7557660341262817,-0.6546865701675415,2.127009694614177,-1.0132686043467989,1.479921454395326
1687093135.46259,0.40510472655296326,0.8256458640098572,0.3926822543144226,-0.2534017562866211,-0.1229022741317749,-0.19801050424575806,-3.0246012210845947,1.6919081211090088,-0.5217537879943848,2.340624574159455,-0.9713460319962581,1.659168432049709
1687093135.541492,0.3251495063304901,0.7602109909057617,0.5624561905860901,-0.2804717421531677,-0.1282835602760315,-0.42376911640167236,-2.5475916862487793,3.2636373043060303,-0.4710317850112915,2.6174402980470743,-0.8636378541002776,1.8536543279771256
1687093135.557446,0.18870142102241516,0.7480993270874023,0.6361908316612244,-0.022014424204826355,-0.2537451982498169,-0.4502320885658264,0.4121110439300537,3.8185043334960938,-1.1157925128936768,2.8532476066635484,-0.8451932110922706,1.9277516661033705
1687093135.632172,-0.009154699742794037,0.7482032775878906,0.6634064316749573,-0.0060888174921274185,-0.4480171799659729,-0.1454620361328125,-1.6425868272781372,4.5064520835876465,-2.1237523555755615,-3.127793995217766,-0.8453498683567651,2.0555536265827783
1687093135.651085,-0.2519388496875763,0.6887212991714478,0.6798454523086548,-0.004286736249923706,-0.02868717908859253,-0.21849596500396729,-0.1873973309993744,5.460572719573975,-1.8182320594787598,-2.78670045797918,-0.7597239440523662,2.1739811822732706
1687093135.69029,-0.49192461371421814,0.6357904672622681,0.5947949290275574,-0.543170690536499,-0.16618579626083374,0.6055530309677124,-1.8645726442337036,5.447750568389893,-1.950362205505371,-2.450574589680207,-0.6890321769586614,2.2750903426006284
1687093135.7826772,-0.6663260459899902,0.6177891492843628,0.41754794120788574,-0.8827157616615295,1.0584040880203247,0.5853360295295715,3.1840286254882812,4.82036828994751,-1.6858563423156738,-2.1305756023687668,-0.6659280375237348,2.3483659236283962
1687093135.801691,-0.770561933517456,0.5960887670516968,0.22563695907592773,-0.5349798798561096,0.050914227962493896,0.61342853307724,-0.6998482942581177,3.3520140647888184,-0.5586820244789124,-1.8556542291837668,-0.6386209784772177,2.472765373125726
1687093135.84007,-0.8004546761512756,0.5786499381065369,0.15632246434688568,0.35823971033096313,0.21814876794815063,0.019886016845703125,0.34220901131629944,0.8404056429862976,0.019308902323246002,-1.7636609796595428,-0.617072346373036,2.440393684334431
1687093135.931006,-0.8081968426704407,0.580335795879364,0.10013975203037262,0.061981141567230225,-0.08738547563552856,0.4858893156051636,-0.09778928011655807,0.8519872426986694,-0.13793663680553436,-1.6940731646761722,-0.6191409408419118,2.4910698334471992
1687093135.934597,-0.8103058934211731,0.5790843367576599,0.08980932086706161,0.0999787449836731,0.1973133087158203,0.18857204914093018,0.4520456790924072,0.17715829610824585,-0.05289072543382645,-1.6811796521536353,-0.6176051235006206,2.455207423244869
1687093135.993993,-0.812481701374054,0.577762246131897,0.0778714269399643,-0.045352041721343994,-0.17927908897399902,0.338769793510437,0.11575236171483994,-0.4689517617225647,-0.02373497188091278,-1.6663483679906148,-0.6159843413433909,2.5097590127462888
1687093136.084402,-0.8092585206031799,0.5781964063644409,0.10387241840362549,0.08886063098907471,0.09631824493408203,0.029031626880168915,0.21266593039035797,-0.6102445721626282,-0.04045642912387848,-1.6984533884164148,-0.6165163990172982,2.496576803163018
1687093136.089202,-0.8073202967643738,0.5788553953170776,0.11471756547689438,-0.02107924222946167,-0.03738206624984741,-0.009569302201271057,0.3845828175544739,-0.524849534034729,-0.01898122951388359,-1.7119480819433064,-0.6173242831098932,2.5250686949485877
1687093136.1423059,-0.8051478862762451,0.5795395374298096,0.12597955763339996,-0.07270550727844238,0.01518702507019043,-0.05221855640411377,0.24049322307109833,-0.4089198410511017,-0.05064035579562187,-1.7260054619764476,-0.6181635198985177,2.5389436166242514
1687093136.230243,-0.8046513199806213,0.5790957808494568,0.1310897022485733,0.008584916591644287,0.03400236368179321,-0.12133930623531342,0.6920519471168518,-0.5149215459823608,-0.1297370344400406,-1.7322924508137896,-0.6176191707469302,2.570338554885638
1687093136.252451,-0.8060710430145264,0.5765272378921509,0.1336623728275299,-0.06770813465118408,-0.11175990104675293,-0.07026208937168121,-0.15759994089603424,0.11656924337148666,-0.08196578919887543,-1.7351207154734127,-0.6144720897199404,2.5868074927150784
1687093136.323701,-0.8114274144172668,0.571277379989624,0.12340034544467926,0.007823348045349121,0.049709439277648926,-0.04336798936128616,0.25797370076179504,0.21052689850330353,-0.1587817370891571,-1.721718028767729,-0.6080613817089696,2.5919247446331677
1687093136.3273668,-0.8147955536842346,0.5680156350135803,0.11604516953229904,0.01483827829360962,-0.028953135013580322,0.04871928691864014,-0.3245755434036255,0.1794455498456955,-0.00647156173363328,-1.712267344399837,-0.6040927235669552,2.5905492197746076
1687093136.383047,-0.8162527084350586,0.5659077167510986,0.1161031648516655,-0.006485939025878906,0.06640118360519409,0.057358741760253906,0.16128575801849365,-0.028303256258368492,-0.07712122797966003,-1.7120877788636428,-0.6015338223627522,2.5844920082187
1687093136.442167,-0.8168224692344666,0.5648527145385742,0.11722847074270248,0.04027217626571655,0.00037854909896850586,0.007435798645019531,-0.02534211054444313,-0.066242516040802,0.009116718545556068,-1.7133406598327974,-0.6002547571720768,2.5887124630544864
1687093136.529088,-0.8154619336128235,0.5657781958580017,0.12213508784770966,0.009645283222198486,0.02783447504043579,0.022197842597961426,0.11505913734436035,-0.05223548784852028,-0.02090482972562313,-1.7194653503874837,-0.601376694535889,2.5877386242356915
1687093136.549077,-0.8147343397140503,0.566900372505188,0.121785469353199,-0.026360511779785156,0.003228902816772461,0.05042527616024017,0.08697590976953506,-0.08452032506465912,-0.0029125139117240906,-1.7191764487238232,-0.6027383180257275,2.5956035475476904
1687093136.657217,-0.8129575252532959,0.5684574246406555,0.12631812691688538,0.0179593563079834,0.03446310758590698,0.03103053569793701,0.2469315528869629,-0.24778342247009277,-0.011248740367591381,-1.7249446386017273,-0.6046296326701452,2.600141341074696
1687093136.661979,-0.8115882873535156,0.569398045539856,0.13080590963363647,0.0031624436378479004,0.006697475910186768,0.0204545259475708,0.46649879217147827,-0.37341031432151794,-0.03739911690354347,-1.7305948367736401,-0.6057734369365779,2.6226324024024064
1687093136.740162,-0.8100886344909668,0.5713086128234863,0.13176821172237396,0.022490978240966797,0.037028729915618896,0.057578086853027344,0.7751049995422363,-0.5291115045547485,-0.0485289990901947,-1.732043143375804,-0.6080994409128695,2.65685710427884
1687093136.744673,-0.8082245588302612,0.5769079923629761,0.11811091750860214,0.042080819606781006,0.17063528299331665,0.03592657297849655,2.575939655303955,-0.983509361743927,-0.18356218934059143,-1.7159054351057186,-0.6149381395215437,2.749749629302299
1687093136.83494,-0.8122720122337341,0.5798904299736023,0.0627809539437294,0.01774686574935913,0.057408154010772705,0.07947671413421631,4.258225440979004,-1.2686039209365845,-0.4000295102596283,-1.647933519542791,-0.6185941610523592,2.967036387042828
1687093136.840056,-0.8217401504516602,0.5697325468063354,-0.01215876080095768,0.006615698337554932,-0.021713197231292725,0.1601843237876892,4.579901218414307,-1.4526184797286987,-0.36235910654067993,-1.5560010485848905,-0.6061803489260688,-3.0382786064720295
1687093136.9250941,-0.8241803646087646,0.5636721253395081,-0.05477539077401161,-0.0275346040725708,-0.06985199451446533,0.1467859148979187,2.338918924331665,-1.251120686531067,0.20557411015033722,-1.5044334785204025,-0.5988247783451198,-2.8252955971320524
1687093136.947778,-0.8202329277992249,0.5697160363197327,-0.05139665678143501,-0.035159528255462646,-0.11361557245254517,0.04865008592605591,0.860260546207428,-0.985785961151123,0.3446393311023712,-1.508217094013266,-0.6061603100917341,-2.7326141234053374
1687093136.979537,-0.8122230172157288,0.5823106169700623,-0.03475484997034073,-0.01649695634841919,0.02688121795654297,0.007792595773935318,0.7561116218566895,-0.8136694431304932,0.3144822120666504,-1.5280326276631624,-0.6215680054249632,-2.6926520718239924
1687093137.071682,-0.8039091229438782,0.5935827493667603,-0.03728155791759491,-0.03550750017166138,0.03510993719100952,-0.021693650633096695,1.7002631425857544,-0.9057109355926514,0.2785753607749939,-1.5244541894286554,-0.6355034628891167,-2.6145166395018467
1687093137.0751848,-0.7969297766685486,0.6020832657814026,-0.04897687956690788,-0.054525911808013916,-0.1322956085205078,-0.032642364501953125,1.1717028617858887,-0.7423481941223145,0.32956477999687195,-1.5094165646155429,-0.646107728626229,-2.5195605255632842
1687093137.131222,-0.790259599685669,0.6107589602470398,-0.04963225871324539,-0.06501078605651855,-0.1029159426689148,-0.05688929557800293,0.669577419757843,-0.5441461801528931,0.22107291221618652,-1.5080737050128683,-0.6570187174473695,-2.4631866744791577
1687093137.217377,-0.7875995635986328,0.6141423583030701,-0.05015783756971359,-0.04525554180145264,-0.12750917673110962,-0.08471458405256271,0.46585243940353394,-0.3681822419166565,0.053737983107566833,-1.5071977712668752,-0.6612987878293536,-2.425089119727907
